===========================================================
        TESTE BENCH - EQUACAO COMPLETA (x^2 - 5x + 6)
===========================================================

LEGENDA DOS SELETORES:
  SEL=00 -> Hexadecimal
  SEL=01 -> Decimal
  SEL=10 -> Sinal (+/-)
  SEL=11 -> Erro (displays apagados)

-----------------------------------------------------------
10000 |  -128 | 00  |    4286     |  0   |  0   |  0   |  0
ERRO: Overflow não detectado para x =        -128 (resultado = 17030)
20000 |  -128 | 01  |    4286     |  0   |  0   |  0   |  0
30000 |  -128 | 10  |    4286     |  0   |  0   |  0   |  0
40000 |  -128 | 11  |    4286     |  0   |  0   |  0   |  1
50000 |  -127 | 00  |    4182     |  0   |  0   |  0   |  0
ERRO: Overflow não detectado para x =        -127 (resultado = 16770)
60000 |  -127 | 01  |    4182     |  0   |  0   |  0   |  0
70000 |  -127 | 10  |    4182     |  0   |  0   |  0   |  0
80000 |  -127 | 11  |    4182     |  0   |  0   |  0   |  1
90000 |  -126 | 00  |    4080     |  0   |  0   |  0   |  0
ERRO: Overflow não detectado para x =        -126 (resultado = 16512)
100000 |  -126 | 01  |    4080     |  0   |  0   |  0   |  0
110000 |  -126 | 10  |    4080     |  0   |  0   |  0   |  0
120000 |  -126 | 11  |    4080     |  0   |  0   |  0   |  1
130000 |  -125 | 00  |    3f80     |  0   |  0   |  0   |  0
ERRO: Overflow não detectado para x =        -125 (resultado = 16256)
140000 |  -125 | 01  |    3f80     |  0   |  0   |  0   |  0
150000 |  -125 | 10  |    3f80     |  0   |  0   |  0   |  0
160000 |  -125 | 11  |    3f80     |  0   |  0   |  0   |  1
170000 |  -124 | 00  |    3e82     |  0   |  0   |  0   |  0
ERRO: Overflow não detectado para x =        -124 (resultado = 16002)
180000 |  -124 | 01  |    3e82     |  0   |  0   |  0   |  0
190000 |  -124 | 10  |    3e82     |  0   |  0   |  0   |  0
200000 |  -124 | 11  |    3e82     |  0   |  0   |  0   |  1
210000 |  -123 | 00  |    3d86     |  0   |  0   |  0   |  0
ERRO: Overflow não detectado para x =        -123 (resultado = 15750)
220000 |  -123 | 01  |    3d86     |  0   |  0   |  0   |  0
230000 |  -123 | 10  |    3d86     |  0   |  0   |  0   |  0
240000 |  -123 | 11  |    3d86     |  0   |  0   |  0   |  1
250000 |  -122 | 00  |    3c8c     |  0   |  0   |  0   |  0
ERRO: Overflow não detectado para x =        -122 (resultado = 15500)
260000 |  -122 | 01  |    3c8c     |  0   |  0   |  0   |  0
270000 |  -122 | 10  |    3c8c     |  0   |  0   |  0   |  0
280000 |  -122 | 11  |    3c8c     |  0   |  0   |  0   |  1
290000 |  -121 | 00  |    3b94     |  0   |  0   |  0   |  0
ERRO: Overflow não detectado para x =        -121 (resultado = 15252)
300000 |  -121 | 01  |    3b94     |  0   |  0   |  0   |  0
310000 |  -121 | 10  |    3b94     |  0   |  0   |  0   |  0
320000 |  -121 | 11  |    3b94     |  0   |  0   |  0   |  1
330000 |  -120 | 00  |    3a9e     |  0   |  0   |  0   |  0
ERRO: Overflow não detectado para x =        -120 (resultado = 15006)
340000 |  -120 | 01  |    3a9e     |  0   |  0   |  0   |  0
350000 |  -120 | 10  |    3a9e     |  0   |  0   |  0   |  0
360000 |  -120 | 11  |    3a9e     |  0   |  0   |  0   |  1
370000 |  -119 | 00  |    39aa     |  0   |  0   |  0   |  0
ERRO: Overflow não detectado para x =        -119 (resultado = 14762)
380000 |  -119 | 01  |    39aa     |  0   |  0   |  0   |  0
390000 |  -119 | 10  |    39aa     |  0   |  0   |  0   |  0
400000 |  -119 | 11  |    39aa     |  0   |  0   |  0   |  1
410000 |  -118 | 00  |    38b8     |  0   |  0   |  0   |  0
ERRO: Overflow não detectado para x =        -118 (resultado = 14520)
420000 |  -118 | 01  |    38b8     |  0   |  0   |  0   |  0
430000 |  -118 | 10  |    38b8     |  0   |  0   |  0   |  0
440000 |  -118 | 11  |    38b8     |  0   |  0   |  0   |  1
450000 |  -117 | 00  |    37c8     |  0   |  0   |  0   |  0
ERRO: Overflow não detectado para x =        -117 (resultado = 14280)
460000 |  -117 | 01  |    37c8     |  0   |  0   |  0   |  0
470000 |  -117 | 10  |    37c8     |  0   |  0   |  0   |  0
480000 |  -117 | 11  |    37c8     |  0   |  0   |  0   |  1
490000 |  -116 | 00  |    36da     |  0   |  0   |  0   |  0
ERRO: Overflow não detectado para x =        -116 (resultado = 14042)
500000 |  -116 | 01  |    36da     |  0   |  0   |  0   |  0
510000 |  -116 | 10  |    36da     |  0   |  0   |  0   |  0
520000 |  -116 | 11  |    36da     |  0   |  0   |  0   |  1
530000 |  -115 | 00  |    35ee     |  0   |  0   |  0   |  0
ERRO: Overflow não detectado para x =        -115 (resultado = 13806)
540000 |  -115 | 01  |    35ee     |  0   |  0   |  0   |  0
550000 |  -115 | 10  |    35ee     |  0   |  0   |  0   |  0
560000 |  -115 | 11  |    35ee     |  0   |  0   |  0   |  1
570000 |  -114 | 00  |    3504     |  0   |  0   |  0   |  0
ERRO: Overflow não detectado para x =        -114 (resultado = 13572)
580000 |  -114 | 01  |    3504     |  0   |  0   |  0   |  0
590000 |  -114 | 10  |    3504     |  0   |  0   |  0   |  0
600000 |  -114 | 11  |    3504     |  0   |  0   |  0   |  1
610000 |  -113 | 00  |    341c     |  0   |  0   |  0   |  0
ERRO: Overflow não detectado para x =        -113 (resultado = 13340)
620000 |  -113 | 01  |    341c     |  0   |  0   |  0   |  0
630000 |  -113 | 10  |    341c     |  0   |  0   |  0   |  0
640000 |  -113 | 11  |    341c     |  0   |  0   |  0   |  1
650000 |  -112 | 00  |    3336     |  0   |  0   |  0   |  0
ERRO: Overflow não detectado para x =        -112 (resultado = 13110)
660000 |  -112 | 01  |    3336     |  0   |  0   |  0   |  0
670000 |  -112 | 10  |    3336     |  0   |  0   |  0   |  0
680000 |  -112 | 11  |    3336     |  0   |  0   |  0   |  1
690000 |  -111 | 00  |    3252     |  0   |  0   |  0   |  0
ERRO: Overflow não detectado para x =        -111 (resultado = 12882)
700000 |  -111 | 01  |    3252     |  0   |  0   |  0   |  0
710000 |  -111 | 10  |    3252     |  0   |  0   |  0   |  0
720000 |  -111 | 11  |    3252     |  0   |  0   |  0   |  1
730000 |  -110 | 00  |    3170     |  0   |  0   |  0   |  0
ERRO: Overflow não detectado para x =        -110 (resultado = 12656)
740000 |  -110 | 01  |    3170     |  0   |  0   |  0   |  0
750000 |  -110 | 10  |    3170     |  0   |  0   |  0   |  0
760000 |  -110 | 11  |    3170     |  0   |  0   |  0   |  1
770000 |  -109 | 00  |    3090     |  0   |  0   |  0   |  0
ERRO: Overflow não detectado para x =        -109 (resultado = 12432)
780000 |  -109 | 01  |    3090     |  0   |  0   |  0   |  0
790000 |  -109 | 10  |    3090     |  0   |  0   |  0   |  0
800000 |  -109 | 11  |    3090     |  0   |  0   |  0   |  1
810000 |  -108 | 00  |    2fb2     |  0   |  0   |  0   |  0
ERRO: Overflow não detectado para x =        -108 (resultado = 12210)
820000 |  -108 | 01  |    2fb2     |  0   |  0   |  0   |  0
830000 |  -108 | 10  |    2fb2     |  0   |  0   |  0   |  0
840000 |  -108 | 11  |    2fb2     |  0   |  0   |  0   |  1
850000 |  -107 | 00  |    2ed6     |  0   |  0   |  0   |  0
ERRO: Overflow não detectado para x =        -107 (resultado = 11990)
860000 |  -107 | 01  |    2ed6     |  0   |  0   |  0   |  0
870000 |  -107 | 10  |    2ed6     |  0   |  0   |  0   |  0
880000 |  -107 | 11  |    2ed6     |  0   |  0   |  0   |  1
890000 |  -106 | 00  |    2dfc     |  0   |  0   |  0   |  0
ERRO: Overflow não detectado para x =        -106 (resultado = 11772)
900000 |  -106 | 01  |    2dfc     |  0   |  0   |  0   |  0
910000 |  -106 | 10  |    2dfc     |  0   |  0   |  0   |  0
920000 |  -106 | 11  |    2dfc     |  0   |  0   |  0   |  1
930000 |  -105 | 00  |    2d24     |  0   |  0   |  0   |  0
ERRO: Overflow não detectado para x =        -105 (resultado = 11556)
940000 |  -105 | 01  |    2d24     |  0   |  0   |  0   |  0
950000 |  -105 | 10  |    2d24     |  0   |  0   |  0   |  0
960000 |  -105 | 11  |    2d24     |  0   |  0   |  0   |  1
970000 |  -104 | 00  |    2c4e     |  0   |  0   |  0   |  0
ERRO: Overflow não detectado para x =        -104 (resultado = 11342)
980000 |  -104 | 01  |    2c4e     |  0   |  0   |  0   |  0
990000 |  -104 | 10  |    2c4e     |  0   |  0   |  0   |  0
1000000 |  -104 | 11  |    2c4e     |  0   |  0   |  0   |  1
1010000 |  -103 | 00  |    2b7a     |  0   |  0   |  0   |  0
ERRO: Overflow não detectado para x =        -103 (resultado = 11130)
1020000 |  -103 | 01  |    2b7a     |  0   |  0   |  0   |  0
1030000 |  -103 | 10  |    2b7a     |  0   |  0   |  0   |  0
1040000 |  -103 | 11  |    2b7a     |  0   |  0   |  0   |  1
1050000 |  -102 | 00  |    2aa8     |  0   |  0   |  0   |  0
ERRO: Overflow não detectado para x =        -102 (resultado = 10920)
1060000 |  -102 | 01  |    2aa8     |  0   |  0   |  0   |  0
1070000 |  -102 | 10  |    2aa8     |  0   |  0   |  0   |  0
1080000 |  -102 | 11  |    2aa8     |  0   |  0   |  0   |  1
1090000 |  -101 | 00  |    29d8     |  0   |  0   |  0   |  0
ERRO: Overflow não detectado para x =        -101 (resultado = 10712)
1100000 |  -101 | 01  |    29d8     |  0   |  0   |  0   |  0
1110000 |  -101 | 10  |    29d8     |  0   |  0   |  0   |  0
1120000 |  -101 | 11  |    29d8     |  0   |  0   |  0   |  1
1130000 |  -100 | 00  |    290a     |  0   |  0   |  0   |  0
ERRO: Overflow não detectado para x =        -100 (resultado = 10506)
1140000 |  -100 | 01  |    290a     |  0   |  0   |  0   |  0
1150000 |  -100 | 10  |    290a     |  0   |  0   |  0   |  0
1160000 |  -100 | 11  |    290a     |  0   |  0   |  0   |  1
1170000 |   -99 | 00  |    283e     |  0   |  0   |  0   |  0
ERRO: Overflow não detectado para x =         -99 (resultado = 10302)
1180000 |   -99 | 01  |    283e     |  0   |  0   |  0   |  0
1190000 |   -99 | 10  |    283e     |  0   |  0   |  0   |  0
1200000 |   -99 | 11  |    283e     |  0   |  0   |  0   |  1
1210000 |   -98 | 00  |    2774     |  0   |  0   |  0   |  0
ERRO: Overflow não detectado para x =         -98 (resultado = 10100)
1220000 |   -98 | 01  |    2774     |  0   |  0   |  0   |  0
1230000 |   -98 | 10  |    2774     |  0   |  0   |  0   |  0
1240000 |   -98 | 11  |    2774     |  0   |  0   |  0   |  1
1250000 |   -97 | 00  |    26ac     |  0   |  0   |  0   |  0
ERRO: Overflow não detectado para x =         -97 (resultado =  9900)
1260000 |   -97 | 01  |    26ac     |  0   |  0   |  0   |  0
1270000 |   -97 | 10  |    26ac     |  0   |  0   |  0   |  0
1280000 |   -97 | 11  |    26ac     |  0   |  0   |  0   |  1
1290000 |   -96 | 00  |    25e6     |  0   |  0   |  0   |  0
ERRO: Overflow não detectado para x =         -96 (resultado =  9702)
1300000 |   -96 | 01  |    25e6     |  0   |  0   |  0   |  0
1310000 |   -96 | 10  |    25e6     |  0   |  0   |  0   |  0
1320000 |   -96 | 11  |    25e6     |  0   |  0   |  0   |  1
1330000 |   -95 | 00  |    2522     |  0   |  0   |  0   |  0
ERRO: Overflow não detectado para x =         -95 (resultado =  9506)
1340000 |   -95 | 01  |    2522     |  0   |  0   |  0   |  0
1350000 |   -95 | 10  |    2522     |  0   |  0   |  0   |  0
1360000 |   -95 | 11  |    2522     |  0   |  0   |  0   |  1
1370000 |   -94 | 00  |    2460     |  0   |  0   |  0   |  0
ERRO: Overflow não detectado para x =         -94 (resultado =  9312)
1380000 |   -94 | 01  |    2460     |  0   |  0   |  0   |  0
1390000 |   -94 | 10  |    2460     |  0   |  0   |  0   |  0
1400000 |   -94 | 11  |    2460     |  0   |  0   |  0   |  1
1410000 |   -93 | 00  |    23a0     |  0   |  0   |  0   |  0
ERRO: Overflow não detectado para x =         -93 (resultado =  9120)
1420000 |   -93 | 01  |    23a0     |  0   |  0   |  0   |  0
1430000 |   -93 | 10  |    23a0     |  0   |  0   |  0   |  0
1440000 |   -93 | 11  |    23a0     |  0   |  0   |  0   |  1
1450000 |   -92 | 00  |    22e2     |  0   |  0   |  0   |  0
ERRO: Overflow não detectado para x =         -92 (resultado =  8930)
1460000 |   -92 | 01  |    22e2     |  0   |  0   |  0   |  0
1470000 |   -92 | 10  |    22e2     |  0   |  0   |  0   |  0
1480000 |   -92 | 11  |    22e2     |  0   |  0   |  0   |  1
1490000 |   -91 | 00  |    2226     |  0   |  0   |  0   |  0
ERRO: Overflow não detectado para x =         -91 (resultado =  8742)
1500000 |   -91 | 01  |    2226     |  0   |  0   |  0   |  0
1510000 |   -91 | 10  |    2226     |  0   |  0   |  0   |  0
1520000 |   -91 | 11  |    2226     |  0   |  0   |  0   |  1
1530000 |   -90 | 00  |    216c     |  0   |  0   |  0   |  0
ERRO: Overflow não detectado para x =         -90 (resultado =  8556)
1540000 |   -90 | 01  |    216c     |  0   |  0   |  0   |  0
1550000 |   -90 | 10  |    216c     |  0   |  0   |  0   |  0
1560000 |   -90 | 11  |    216c     |  0   |  0   |  0   |  1
1570000 |   -89 | 00  |    20b4     |  0   |  0   |  0   |  0
ERRO: Overflow não detectado para x =         -89 (resultado =  8372)
1580000 |   -89 | 01  |    20b4     |  0   |  0   |  0   |  0
1590000 |   -89 | 10  |    20b4     |  0   |  0   |  0   |  0
1600000 |   -89 | 11  |    20b4     |  0   |  0   |  0   |  1
1610000 |   -88 | 00  |    1ffe     |  0   |  0   |  0   |  0
ERRO: Overflow não detectado para x =         -88 (resultado =  8190)
1620000 |   -88 | 01  |    1ffe     |  0   |  0   |  0   |  0
1630000 |   -88 | 10  |    1ffe     |  0   |  0   |  0   |  0
1640000 |   -88 | 11  |    1ffe     |  0   |  0   |  0   |  1
1650000 |   -87 | 00  |    1f4a     |  0   |  0   |  0   |  0
ERRO: Overflow não detectado para x =         -87 (resultado =  8010)
1660000 |   -87 | 01  |    1f4a     |  0   |  0   |  0   |  0
1670000 |   -87 | 10  |    1f4a     |  0   |  0   |  0   |  0
1680000 |   -87 | 11  |    1f4a     |  0   |  0   |  0   |  1
1690000 |   -86 | 00  |    1e98     |  0   |  0   |  0   |  0
ERRO: Overflow não detectado para x =         -86 (resultado =  7832)
1700000 |   -86 | 01  |    1e98     |  0   |  0   |  0   |  0
1710000 |   -86 | 10  |    1e98     |  0   |  0   |  0   |  0
1720000 |   -86 | 11  |    1e98     |  0   |  0   |  0   |  1
1730000 |   -85 | 00  |    1de8     |  0   |  0   |  0   |  0
ERRO: Overflow não detectado para x =         -85 (resultado =  7656)
1740000 |   -85 | 01  |    1de8     |  0   |  0   |  0   |  0
1750000 |   -85 | 10  |    1de8     |  0   |  0   |  0   |  0
1760000 |   -85 | 11  |    1de8     |  0   |  0   |  0   |  1
1770000 |   -84 | 00  |    1d3a     |  0   |  0   |  0   |  0
ERRO: Overflow não detectado para x =         -84 (resultado =  7482)
1780000 |   -84 | 01  |    1d3a     |  0   |  0   |  0   |  0
1790000 |   -84 | 10  |    1d3a     |  0   |  0   |  0   |  0
1800000 |   -84 | 11  |    1d3a     |  0   |  0   |  0   |  1
1810000 |   -83 | 00  |    1c8e     |  0   |  0   |  0   |  0
ERRO: Overflow não detectado para x =         -83 (resultado =  7310)
1820000 |   -83 | 01  |    1c8e     |  0   |  0   |  0   |  0
1830000 |   -83 | 10  |    1c8e     |  0   |  0   |  0   |  0
1840000 |   -83 | 11  |    1c8e     |  0   |  0   |  0   |  1
1850000 |   -82 | 00  |    1be4     |  0   |  0   |  0   |  0
ERRO: Overflow não detectado para x =         -82 (resultado =  7140)
1860000 |   -82 | 01  |    1be4     |  0   |  0   |  0   |  0
1870000 |   -82 | 10  |    1be4     |  0   |  0   |  0   |  0
1880000 |   -82 | 11  |    1be4     |  0   |  0   |  0   |  1
1890000 |   -81 | 00  |    1b3c     |  0   |  0   |  0   |  0
ERRO: Overflow não detectado para x =         -81 (resultado =  6972)
1900000 |   -81 | 01  |    1b3c     |  0   |  0   |  0   |  0
1910000 |   -81 | 10  |    1b3c     |  0   |  0   |  0   |  0
1920000 |   -81 | 11  |    1b3c     |  0   |  0   |  0   |  1
1930000 |   -80 | 00  |    1a96     |  0   |  0   |  0   |  0
ERRO: Overflow não detectado para x =         -80 (resultado =  6806)
1940000 |   -80 | 01  |    1a96     |  0   |  0   |  0   |  0
1950000 |   -80 | 10  |    1a96     |  0   |  0   |  0   |  0
1960000 |   -80 | 11  |    1a96     |  0   |  0   |  0   |  1
1970000 |   -79 | 00  |    19f2     |  0   |  0   |  0   |  0
ERRO: Overflow não detectado para x =         -79 (resultado =  6642)
1980000 |   -79 | 01  |    19f2     |  0   |  0   |  0   |  0
1990000 |   -79 | 10  |    19f2     |  0   |  0   |  0   |  0
2000000 |   -79 | 11  |    19f2     |  0   |  0   |  0   |  1
2010000 |   -78 | 00  |    1950     |  0   |  0   |  0   |  0
ERRO: Overflow não detectado para x =         -78 (resultado =  6480)
2020000 |   -78 | 01  |    1950     |  0   |  0   |  0   |  0
2030000 |   -78 | 10  |    1950     |  0   |  0   |  0   |  0
2040000 |   -78 | 11  |    1950     |  0   |  0   |  0   |  1
2050000 |   -77 | 00  |    18b0     |  0   |  0   |  0   |  0
ERRO: Overflow não detectado para x =         -77 (resultado =  6320)
2060000 |   -77 | 01  |    18b0     |  0   |  0   |  0   |  0
2070000 |   -77 | 10  |    18b0     |  0   |  0   |  0   |  0
2080000 |   -77 | 11  |    18b0     |  0   |  0   |  0   |  1
2090000 |   -76 | 00  |    1812     |  0   |  0   |  0   |  0
ERRO: Overflow não detectado para x =         -76 (resultado =  6162)
2100000 |   -76 | 01  |    1812     |  0   |  0   |  0   |  0
2110000 |   -76 | 10  |    1812     |  0   |  0   |  0   |  0
2120000 |   -76 | 11  |    1812     |  0   |  0   |  0   |  1
2130000 |   -75 | 00  |    1776     |  0   |  0   |  0   |  0
ERRO: Overflow não detectado para x =         -75 (resultado =  6006)
2140000 |   -75 | 01  |    1776     |  0   |  0   |  0   |  0
2150000 |   -75 | 10  |    1776     |  0   |  0   |  0   |  0
2160000 |   -75 | 11  |    1776     |  0   |  0   |  0   |  1
2170000 |   -74 | 00  |    16dc     |  0   |  0   |  0   |  0
ERRO: Overflow não detectado para x =         -74 (resultado =  5852)
2180000 |   -74 | 01  |    16dc     |  0   |  0   |  0   |  0
2190000 |   -74 | 10  |    16dc     |  0   |  0   |  0   |  0
2200000 |   -74 | 11  |    16dc     |  0   |  0   |  0   |  1
2210000 |   -73 | 00  |    1644     |  0   |  0   |  0   |  0
ERRO: Overflow não detectado para x =         -73 (resultado =  5700)
2220000 |   -73 | 01  |    1644     |  0   |  0   |  0   |  0
2230000 |   -73 | 10  |    1644     |  0   |  0   |  0   |  0
2240000 |   -73 | 11  |    1644     |  0   |  0   |  0   |  1
2250000 |   -72 | 00  |    15ae     |  0   |  0   |  0   |  0
ERRO: Overflow não detectado para x =         -72 (resultado =  5550)
2260000 |   -72 | 01  |    15ae     |  0   |  0   |  0   |  0
2270000 |   -72 | 10  |    15ae     |  0   |  0   |  0   |  0
2280000 |   -72 | 11  |    15ae     |  0   |  0   |  0   |  1
2290000 |   -71 | 00  |    151a     |  0   |  0   |  0   |  0
ERRO: Overflow não detectado para x =         -71 (resultado =  5402)
2300000 |   -71 | 01  |    151a     |  0   |  0   |  0   |  0
2310000 |   -71 | 10  |    151a     |  0   |  0   |  0   |  0
2320000 |   -71 | 11  |    151a     |  0   |  0   |  0   |  1
2330000 |   -70 | 00  |    1488     |  0   |  0   |  0   |  0
ERRO: Overflow não detectado para x =         -70 (resultado =  5256)
2340000 |   -70 | 01  |    1488     |  0   |  0   |  0   |  0
2350000 |   -70 | 10  |    1488     |  0   |  0   |  0   |  0
2360000 |   -70 | 11  |    1488     |  0   |  0   |  0   |  1
2370000 |   -69 | 00  |    13f8     |  0   |  0   |  0   |  0
ERRO: Overflow não detectado para x =         -69 (resultado =  5112)
2380000 |   -69 | 01  |    13f8     |  0   |  0   |  0   |  0
2390000 |   -69 | 10  |    13f8     |  0   |  0   |  0   |  0
2400000 |   -69 | 11  |    13f8     |  0   |  0   |  0   |  1
2410000 |   -68 | 00  |    136a     |  0   |  0   |  0   |  0
ERRO: Overflow não detectado para x =         -68 (resultado =  4970)
2420000 |   -68 | 01  |    136a     |  0   |  0   |  0   |  0
2430000 |   -68 | 10  |    136a     |  0   |  0   |  0   |  0
2440000 |   -68 | 11  |    136a     |  0   |  0   |  0   |  1
2450000 |   -67 | 00  |    12de     |  0   |  0   |  0   |  0
ERRO: Overflow não detectado para x =         -67 (resultado =  4830)
2460000 |   -67 | 01  |    12de     |  0   |  0   |  0   |  0
2470000 |   -67 | 10  |    12de     |  0   |  0   |  0   |  0
2480000 |   -67 | 11  |    12de     |  0   |  0   |  0   |  1
2490000 |   -66 | 00  |    1254     |  0   |  0   |  0   |  0
ERRO: Overflow não detectado para x =         -66 (resultado =  4692)
2500000 |   -66 | 01  |    1254     |  0   |  0   |  0   |  0
2510000 |   -66 | 10  |    1254     |  0   |  0   |  0   |  0
2520000 |   -66 | 11  |    1254     |  0   |  0   |  0   |  1
2530000 |   -65 | 00  |    11cc     |  0   |  0   |  0   |  0
ERRO: Overflow não detectado para x =         -65 (resultado =  4556)
2540000 |   -65 | 01  |    11cc     |  0   |  0   |  0   |  0
2550000 |   -65 | 10  |    11cc     |  0   |  0   |  0   |  0
2560000 |   -65 | 11  |    11cc     |  0   |  0   |  0   |  1
2570000 |   -64 | 00  |    1146     |  0   |  0   |  0   |  0
ERRO: Overflow não detectado para x =         -64 (resultado =  4422)
2580000 |   -64 | 01  |    1146     |  0   |  0   |  0   |  0
2590000 |   -64 | 10  |    1146     |  0   |  0   |  0   |  0
2600000 |   -64 | 11  |    1146     |  0   |  0   |  0   |  1
2610000 |   -63 | 00  |    10c2     |  0   |  0   |  0   |  0
ERRO: Overflow não detectado para x =         -63 (resultado =  4290)
2620000 |   -63 | 01  |    10c2     |  0   |  0   |  0   |  0
2630000 |   -63 | 10  |    10c2     |  0   |  0   |  0   |  0
2640000 |   -63 | 11  |    10c2     |  0   |  0   |  0   |  1
2650000 |   -62 | 00  |    1040     |  0   |  0   |  0   |  0
ERRO: Overflow não detectado para x =         -62 (resultado =  4160)
2660000 |   -62 | 01  |    1040     |  0   |  0   |  0   |  0
2670000 |   -62 | 10  |    1040     |  0   |  0   |  0   |  0
2680000 |   -62 | 11  |    1040     |  0   |  0   |  0   |  1
2690000 |   -61 | 00  |    0fc0     |  0   |  0   |  0   |  0
ERRO: Overflow não detectado para x =         -61 (resultado =  4032)
2700000 |   -61 | 01  |    0fc0     |  0   |  0   |  0   |  0
2710000 |   -61 | 10  |    0fc0     |  0   |  0   |  0   |  0
2720000 |   -61 | 11  |    0fc0     |  0   |  0   |  0   |  1
2730000 |   -60 | 00  |    0f42     |  0   |  0   |  0   |  0
ERRO: Overflow não detectado para x =         -60 (resultado =  3906)
2740000 |   -60 | 01  |    0f42     |  0   |  0   |  0   |  0
2750000 |   -60 | 10  |    0f42     |  0   |  0   |  0   |  0
2760000 |   -60 | 11  |    0f42     |  0   |  0   |  0   |  1
2770000 |   -59 | 00  |    0ec6     |  0   |  0   |  0   |  0
ERRO: Overflow não detectado para x =         -59 (resultado =  3782)
2780000 |   -59 | 01  |    0ec6     |  0   |  0   |  0   |  0
2790000 |   -59 | 10  |    0ec6     |  0   |  0   |  0   |  0
2800000 |   -59 | 11  |    0ec6     |  0   |  0   |  0   |  1
2810000 |   -58 | 00  |    0e4c     |  0   |  0   |  0   |  0
ERRO: Overflow não detectado para x =         -58 (resultado =  3660)
2820000 |   -58 | 01  |    0e4c     |  0   |  0   |  0   |  0
2830000 |   -58 | 10  |    0e4c     |  0   |  0   |  0   |  0
2840000 |   -58 | 11  |    0e4c     |  0   |  0   |  0   |  1
2850000 |   -57 | 00  |    0dd4     |  0   |  0   |  0   |  0
ERRO: Overflow não detectado para x =         -57 (resultado =  3540)
2860000 |   -57 | 01  |    0dd4     |  0   |  0   |  0   |  0
2870000 |   -57 | 10  |    0dd4     |  0   |  0   |  0   |  0
2880000 |   -57 | 11  |    0dd4     |  0   |  0   |  0   |  1
2890000 |   -56 | 00  |    0d5e     |  0   |  0   |  0   |  0
ERRO: Overflow não detectado para x =         -56 (resultado =  3422)
2900000 |   -56 | 01  |    0d5e     |  0   |  0   |  0   |  0
2910000 |   -56 | 10  |    0d5e     |  0   |  0   |  0   |  0
2920000 |   -56 | 11  |    0d5e     |  0   |  0   |  0   |  1
2930000 |   -55 | 00  |    0cea     |  0   |  0   |  0   |  0
ERRO: Overflow não detectado para x =         -55 (resultado =  3306)
2940000 |   -55 | 01  |    0cea     |  0   |  0   |  0   |  0
2950000 |   -55 | 10  |    0cea     |  0   |  0   |  0   |  0
2960000 |   -55 | 11  |    0cea     |  0   |  0   |  0   |  1
2970000 |   -54 | 00  |    0c78     |  0   |  0   |  0   |  0
ERRO: Overflow não detectado para x =         -54 (resultado =  3192)
2980000 |   -54 | 01  |    0c78     |  0   |  0   |  0   |  0
2990000 |   -54 | 10  |    0c78     |  0   |  0   |  0   |  0
3000000 |   -54 | 11  |    0c78     |  0   |  0   |  0   |  1
3010000 |   -53 | 00  |    0c08     |  0   |  0   |  0   |  0
ERRO: Overflow não detectado para x =         -53 (resultado =  3080)
3020000 |   -53 | 01  |    0c08     |  0   |  0   |  0   |  0
3030000 |   -53 | 10  |    0c08     |  0   |  0   |  0   |  0
3040000 |   -53 | 11  |    0c08     |  0   |  0   |  0   |  1
3050000 |   -52 | 00  |    0b9a     |  0   |  0   |  0   |  0
ERRO: Overflow não detectado para x =         -52 (resultado =  2970)
3060000 |   -52 | 01  |    0b9a     |  0   |  0   |  0   |  0
3070000 |   -52 | 10  |    0b9a     |  0   |  0   |  0   |  0
3080000 |   -52 | 11  |    0b9a     |  0   |  0   |  0   |  1
3090000 |   -51 | 00  |    0b2e     |  0   |  0   |  0   |  0
ERRO: Overflow não detectado para x =         -51 (resultado =  2862)
3100000 |   -51 | 01  |    0b2e     |  0   |  0   |  0   |  0
3110000 |   -51 | 10  |    0b2e     |  0   |  0   |  0   |  0
3120000 |   -51 | 11  |    0b2e     |  0   |  0   |  0   |  1
3130000 |   -50 | 00  |    0ac4     |  0   |  0   |  0   |  0
ERRO: Overflow não detectado para x =         -50 (resultado =  2756)
3140000 |   -50 | 01  |    0ac4     |  0   |  0   |  0   |  0
3150000 |   -50 | 10  |    0ac4     |  0   |  0   |  0   |  0
3160000 |   -50 | 11  |    0ac4     |  0   |  0   |  0   |  1
3170000 |   -49 | 00  |    0a5c     |  0   |  0   |  0   |  0
ERRO: Overflow não detectado para x =         -49 (resultado =  2652)
3180000 |   -49 | 01  |    0a5c     |  0   |  0   |  0   |  0
3190000 |   -49 | 10  |    0a5c     |  0   |  0   |  0   |  0
3200000 |   -49 | 11  |    0a5c     |  0   |  0   |  0   |  1
3210000 |   -48 | 00  |    09f6     |  0   |  0   |  0   |  0
ERRO: Overflow não detectado para x =         -48 (resultado =  2550)
3220000 |   -48 | 01  |    09f6     |  0   |  0   |  0   |  0
3230000 |   -48 | 10  |    09f6     |  0   |  0   |  0   |  0
3240000 |   -48 | 11  |    09f6     |  0   |  0   |  0   |  1
3250000 |   -47 | 00  |    0992     |  0   |  0   |  0   |  0
ERRO: Overflow não detectado para x =         -47 (resultado =  2450)
3260000 |   -47 | 01  |    0992     |  0   |  0   |  0   |  0
3270000 |   -47 | 10  |    0992     |  0   |  0   |  0   |  0
3280000 |   -47 | 11  |    0992     |  0   |  0   |  0   |  1
3290000 |   -46 | 00  |    0930     |  0   |  0   |  0   |  0
ERRO: Overflow não detectado para x =         -46 (resultado =  2352)
3300000 |   -46 | 01  |    0930     |  0   |  0   |  0   |  0
3310000 |   -46 | 10  |    0930     |  0   |  0   |  0   |  0
3320000 |   -46 | 11  |    0930     |  0   |  0   |  0   |  1
3330000 |   -45 | 00  |    08d0     |  0   |  0   |  0   |  0
ERRO: Overflow não detectado para x =         -45 (resultado =  2256)
3340000 |   -45 | 01  |    08d0     |  0   |  0   |  0   |  0
3350000 |   -45 | 10  |    08d0     |  0   |  0   |  0   |  0
3360000 |   -45 | 11  |    08d0     |  0   |  0   |  0   |  1
3370000 |   -44 | 00  |    0872     |  0   |  0   |  0   |  0
ERRO: Overflow não detectado para x =         -44 (resultado =  2162)
3380000 |   -44 | 01  |    0872     |  0   |  0   |  0   |  0
3390000 |   -44 | 10  |    0872     |  0   |  0   |  0   |  0
3400000 |   -44 | 11  |    0872     |  0   |  0   |  0   |  1
3410000 |   -43 | 00  |    0816     |  0   |  0   |  0   |  0
ERRO: Overflow não detectado para x =         -43 (resultado =  2070)
3420000 |   -43 | 01  |    0816     |  0   |  0   |  0   |  0
3430000 |   -43 | 10  |    0816     |  0   |  0   |  0   |  0
3440000 |   -43 | 11  |    0816     |  0   |  0   |  0   |  1
3450000 |   -42 | 00  |    07bc     |  0   |  0   |  0   |  0
ERRO: Overflow não detectado para x =         -42 (resultado =  1980)
3460000 |   -42 | 01  |    07bc     |  0   |  0   |  0   |  0
3470000 |   -42 | 10  |    07bc     |  0   |  0   |  0   |  0
3480000 |   -42 | 11  |    07bc     |  0   |  0   |  0   |  1
3490000 |   -41 | 00  |    0764     |  0   |  0   |  0   |  0
ERRO: Overflow não detectado para x =         -41 (resultado =  1892)
3500000 |   -41 | 01  |    0764     |  0   |  0   |  0   |  0
3510000 |   -41 | 10  |    0764     |  0   |  0   |  0   |  0
3520000 |   -41 | 11  |    0764     |  0   |  0   |  0   |  1
3530000 |   -40 | 00  |    070e     |  0   |  0   |  0   |  0
ERRO: Overflow não detectado para x =         -40 (resultado =  1806)
3540000 |   -40 | 01  |    070e     |  0   |  0   |  0   |  0
3550000 |   -40 | 10  |    070e     |  0   |  0   |  0   |  0
3560000 |   -40 | 11  |    070e     |  0   |  0   |  0   |  1
3570000 |   -39 | 00  |    06ba     |  0   |  0   |  0   |  0
ERRO: Overflow não detectado para x =         -39 (resultado =  1722)
3580000 |   -39 | 01  |    06ba     |  0   |  0   |  0   |  0
3590000 |   -39 | 10  |    06ba     |  0   |  0   |  0   |  0
3600000 |   -39 | 11  |    06ba     |  0   |  0   |  0   |  1
3610000 |   -38 | 00  |    0668     |  0   |  0   |  0   |  0
ERRO: Overflow não detectado para x =         -38 (resultado =  1640)
3620000 |   -38 | 01  |    0668     |  0   |  0   |  0   |  0
3630000 |   -38 | 10  |    0668     |  0   |  0   |  0   |  0
3640000 |   -38 | 11  |    0668     |  0   |  0   |  0   |  1
3650000 |   -37 | 00  |    0618     |  0   |  0   |  0   |  0
ERRO: Overflow não detectado para x =         -37 (resultado =  1560)
3660000 |   -37 | 01  |    0618     |  0   |  0   |  0   |  0
3670000 |   -37 | 10  |    0618     |  0   |  0   |  0   |  0
3680000 |   -37 | 11  |    0618     |  0   |  0   |  0   |  1
3690000 |   -36 | 00  |    05ca     |  0   |  0   |  0   |  0
ERRO: Overflow não detectado para x =         -36 (resultado =  1482)
3700000 |   -36 | 01  |    05ca     |  0   |  0   |  0   |  0
3710000 |   -36 | 10  |    05ca     |  0   |  0   |  0   |  0
3720000 |   -36 | 11  |    05ca     |  0   |  0   |  0   |  1
3730000 |   -35 | 00  |    057e     |  0   |  0   |  0   |  0
ERRO: Overflow não detectado para x =         -35 (resultado =  1406)
3740000 |   -35 | 01  |    057e     |  0   |  0   |  0   |  0
3750000 |   -35 | 10  |    057e     |  0   |  0   |  0   |  0
3760000 |   -35 | 11  |    057e     |  0   |  0   |  0   |  1
3770000 |   -34 | 00  |    0534     |  0   |  0   |  0   |  0
ERRO: Overflow não detectado para x =         -34 (resultado =  1332)
3780000 |   -34 | 01  |    0534     |  0   |  0   |  0   |  0
3790000 |   -34 | 10  |    0534     |  0   |  0   |  0   |  0
3800000 |   -34 | 11  |    0534     |  0   |  0   |  0   |  1
3810000 |   -33 | 00  |    04ec     |  0   |  0   |  0   |  0
ERRO: Overflow não detectado para x =         -33 (resultado =  1260)
3820000 |   -33 | 01  |    04ec     |  0   |  0   |  0   |  0
3830000 |   -33 | 10  |    04ec     |  0   |  0   |  0   |  0
3840000 |   -33 | 11  |    04ec     |  0   |  0   |  0   |  1
3850000 |   -32 | 00  |    04a6     |  0   |  0   |  0   |  0
ERRO: Overflow não detectado para x =         -32 (resultado =  1190)
3860000 |   -32 | 01  |    04a6     |  0   |  0   |  0   |  0
3870000 |   -32 | 10  |    04a6     |  0   |  0   |  0   |  0
3880000 |   -32 | 11  |    04a6     |  0   |  0   |  0   |  1
3890000 |   -31 | 00  |    0462     |  0   |  0   |  0   |  0
ERRO: Overflow não detectado para x =         -31 (resultado =  1122)
3900000 |   -31 | 01  |    0462     |  0   |  0   |  0   |  0
3910000 |   -31 | 10  |    0462     |  0   |  0   |  0   |  0
3920000 |   -31 | 11  |    0462     |  0   |  0   |  0   |  1
3930000 |   -30 | 00  |    0420     |  0   |  0   |  0   |  0
ERRO: Overflow não detectado para x =         -30 (resultado =  1056)
3940000 |   -30 | 01  |    0420     |  0   |  0   |  0   |  0
3950000 |   -30 | 10  |    0420     |  0   |  0   |  0   |  0
3960000 |   -30 | 11  |    0420     |  0   |  0   |  0   |  1
3970000 |   -29 | 00  |    03e0     |  0   |  0   |  0   |  0
ERRO: Overflow não detectado para x =         -29 (resultado =   992)
3980000 |   -29 | 01  |    03e0     |  0   |  0   |  0   |  0
3990000 |   -29 | 10  |    03e0     |  0   |  0   |  0   |  0
4000000 |   -29 | 11  |    03e0     |  0   |  0   |  0   |  1
4010000 |   -28 | 00  |    03a2     |  0   |  0   |  0   |  0
ERRO: Overflow não detectado para x =         -28 (resultado =   930)
4020000 |   -28 | 01  |    03a2     |  0   |  0   |  0   |  0
4030000 |   -28 | 10  |    03a2     |  0   |  0   |  0   |  0
4040000 |   -28 | 11  |    03a2     |  0   |  0   |  0   |  1
4050000 |   -27 | 00  |    0366     |  0   |  0   |  0   |  0
ERRO: Overflow não detectado para x =         -27 (resultado =   870)
4060000 |   -27 | 01  |    0366     |  0   |  0   |  0   |  0
4070000 |   -27 | 10  |    0366     |  0   |  0   |  0   |  0
4080000 |   -27 | 11  |    0366     |  0   |  0   |  0   |  1
4090000 |   -26 | 00  |    032c     |  0   |  0   |  0   |  0
ERRO: Overflow não detectado para x =         -26 (resultado =   812)
4100000 |   -26 | 01  |    032c     |  0   |  0   |  0   |  0
4110000 |   -26 | 10  |    032c     |  0   |  0   |  0   |  0
4120000 |   -26 | 11  |    032c     |  0   |  0   |  0   |  1
4130000 |   -25 | 00  |    02f4     |  0   |  0   |  0   |  0
ERRO: Overflow não detectado para x =         -25 (resultado =   756)
4140000 |   -25 | 01  |    02f4     |  0   |  0   |  0   |  0
4150000 |   -25 | 10  |    02f4     |  0   |  0   |  0   |  0
4160000 |   -25 | 11  |    02f4     |  0   |  0   |  0   |  1
4170000 |   -24 | 00  |    02be     |  0   |  0   |  0   |  0
ERRO: Overflow não detectado para x =         -24 (resultado =   702)
4180000 |   -24 | 01  |    02be     |  0   |  0   |  0   |  0
4190000 |   -24 | 10  |    02be     |  0   |  0   |  0   |  0
4200000 |   -24 | 11  |    02be     |  0   |  0   |  0   |  1
4210000 |   -23 | 00  |    028a     |  0   |  0   |  0   |  0
ERRO: Overflow não detectado para x =         -23 (resultado =   650)
4220000 |   -23 | 01  |    028a     |  0   |  0   |  0   |  0
4230000 |   -23 | 10  |    028a     |  0   |  0   |  0   |  0
4240000 |   -23 | 11  |    028a     |  0   |  0   |  0   |  1
4250000 |   -22 | 00  |    0258     |  0   |  0   |  0   |  0
ERRO: Overflow não detectado para x =         -22 (resultado =   600)
4260000 |   -22 | 01  |    0258     |  0   |  0   |  0   |  0
4270000 |   -22 | 10  |    0258     |  0   |  0   |  0   |  0
4280000 |   -22 | 11  |    0258     |  0   |  0   |  0   |  1
4290000 |   -21 | 00  |    0228     |  0   |  0   |  0   |  0
ERRO: Overflow não detectado para x =         -21 (resultado =   552)
4300000 |   -21 | 01  |    0228     |  0   |  0   |  0   |  0
4310000 |   -21 | 10  |    0228     |  0   |  0   |  0   |  0
4320000 |   -21 | 11  |    0228     |  0   |  0   |  0   |  1
4330000 |   -20 | 00  |    01fa     |  0   |  0   |  0   |  0
ERRO: Overflow não detectado para x =         -20 (resultado =   506)
4340000 |   -20 | 01  |    01fa     |  0   |  0   |  0   |  0
4350000 |   -20 | 10  |    01fa     |  0   |  0   |  0   |  0
4360000 |   -20 | 11  |    01fa     |  0   |  0   |  0   |  1
4370000 |   -19 | 00  |    01ce     |  0   |  0   |  0   |  0
ERRO: Overflow não detectado para x =         -19 (resultado =   462)
4380000 |   -19 | 01  |    01ce     |  0   |  0   |  0   |  0
4390000 |   -19 | 10  |    01ce     |  0   |  0   |  0   |  0
4400000 |   -19 | 11  |    01ce     |  0   |  0   |  0   |  1
4410000 |   -18 | 00  |    01a4     |  0   |  0   |  0   |  0
ERRO: Overflow não detectado para x =         -18 (resultado =   420)
4420000 |   -18 | 01  |    01a4     |  0   |  0   |  0   |  0
4430000 |   -18 | 10  |    01a4     |  0   |  0   |  0   |  0
4440000 |   -18 | 11  |    01a4     |  0   |  0   |  0   |  1
4450000 |   -17 | 00  |    017c     |  0   |  0   |  0   |  0
ERRO: Overflow não detectado para x =         -17 (resultado =   380)
4460000 |   -17 | 01  |    017c     |  0   |  0   |  0   |  0
4470000 |   -17 | 10  |    017c     |  0   |  0   |  0   |  0
4480000 |   -17 | 11  |    017c     |  0   |  0   |  0   |  1
4490000 |   -16 | 00  |    0156     |  0   |  0   |  0   |  0
ERRO: Overflow não detectado para x =         -16 (resultado =   342)
4500000 |   -16 | 01  |    0156     |  0   |  0   |  0   |  0
4510000 |   -16 | 10  |    0156     |  0   |  0   |  0   |  0
4520000 |   -16 | 11  |    0156     |  0   |  0   |  0   |  1
4530000 |   -15 | 00  |    0132     |  0   |  0   |  0   |  0
ERRO: Overflow não detectado para x =         -15 (resultado =   306)
4540000 |   -15 | 01  |    0132     |  0   |  0   |  0   |  0
4550000 |   -15 | 10  |    0132     |  0   |  0   |  0   |  0
4560000 |   -15 | 11  |    0132     |  0   |  0   |  0   |  1
4570000 |   -14 | 00  |    0110     |  0   |  0   |  0   |  0
ERRO: Overflow não detectado para x =         -14 (resultado =   272)
4580000 |   -14 | 01  |    0110     |  0   |  0   |  0   |  0
4590000 |   -14 | 10  |    0110     |  0   |  0   |  0   |  0
4600000 |   -14 | 11  |    0110     |  0   |  0   |  0   |  1
4610000 |   -13 | 00  |    00f0     |  0   |  0   |  0   |  0
ERRO: Overflow não detectado para x =         -13 (resultado =   240)
4620000 |   -13 | 01  |    00f0     |  0   |  0   |  0   |  0
4630000 |   -13 | 10  |    00f0     |  0   |  0   |  0   |  0
4640000 |   -13 | 11  |    00f0     |  0   |  0   |  0   |  1
4650000 |   -12 | 00  |    00d2     |  0   |  0   |  0   |  0
ERRO: Overflow não detectado para x =         -12 (resultado =   210)
4660000 |   -12 | 01  |    00d2     |  0   |  0   |  0   |  0
4670000 |   -12 | 10  |    00d2     |  0   |  0   |  0   |  0
4680000 |   -12 | 11  |    00d2     |  0   |  0   |  0   |  1
4690000 |   -11 | 00  |    00b6     |  0   |  0   |  0   |  0
ERRO: Overflow não detectado para x =         -11 (resultado =   182)
4700000 |   -11 | 01  |    00b6     |  0   |  0   |  0   |  0
4710000 |   -11 | 10  |    00b6     |  0   |  0   |  0   |  0
4720000 |   -11 | 11  |    00b6     |  0   |  0   |  0   |  1
4730000 |   -10 | 00  |    009c     |  0   |  0   |  0   |  0
ERRO: Overflow não detectado para x =         -10 (resultado =   156)
4740000 |   -10 | 01  |    009c     |  0   |  0   |  0   |  0
4750000 |   -10 | 10  |    009c     |  0   |  0   |  0   |  0
4760000 |   -10 | 11  |    009c     |  0   |  0   |  0   |  1
4770000 |    -9 | 00  |    0084     |  0   |  0   |  0   |  0
ERRO: Overflow não detectado para x =          -9 (resultado =   132)
4780000 |    -9 | 01  |    0084     |  0   |  0   |  0   |  0
4790000 |    -9 | 10  |    0084     |  0   |  0   |  0   |  0
4800000 |    -9 | 11  |    0084     |  0   |  0   |  0   |  1
4810000 |    -8 | 00  |    006e     |  0   |  0   |  0   |  0
ERRO: Overflow não detectado para x =          -8 (resultado =   110)
4820000 |    -8 | 01  |    006e     |  0   |  0   |  0   |  0
4830000 |    -8 | 10  |    006e     |  0   |  0   |  0   |  0
4840000 |    -8 | 11  |    006e     |  0   |  0   |  0   |  1
4850000 |    -7 | 00  |    005a     |  0   |  0   |  0   |  0
ERRO: Overflow não detectado para x =          -7 (resultado =    90)
4860000 |    -7 | 01  |    005a     |  0   |  0   |  0   |  0
4870000 |    -7 | 10  |    005a     |  0   |  0   |  0   |  0
4880000 |    -7 | 11  |    005a     |  0   |  0   |  0   |  1
4890000 |    -6 | 00  |    0048     |  0   |  0   |  0   |  0
ERRO: Overflow não detectado para x =          -6 (resultado =    72)
4900000 |    -6 | 01  |    0048     |  0   |  0   |  0   |  0
4910000 |    -6 | 10  |    0048     |  0   |  0   |  0   |  0
4920000 |    -6 | 11  |    0048     |  0   |  0   |  0   |  1
4930000 |    -5 | 00  |    0038     |  0   |  0   |  0   |  0
ERRO: Overflow não detectado para x =          -5 (resultado =    56)
4940000 |    -5 | 01  |    0038     |  0   |  0   |  0   |  0
4950000 |    -5 | 10  |    0038     |  0   |  0   |  0   |  0
4960000 |    -5 | 11  |    0038     |  0   |  0   |  0   |  1
4970000 |    -4 | 00  |    002a     |  0   |  0   |  0   |  0
ERRO: Overflow não detectado para x =          -4 (resultado =    42)
4980000 |    -4 | 01  |    002a     |  0   |  0   |  0   |  0
4990000 |    -4 | 10  |    002a     |  0   |  0   |  0   |  0
5000000 |    -4 | 11  |    002a     |  0   |  0   |  0   |  1
5010000 |    -3 | 00  |    001e     |  0   |  0   |  0   |  0
ERRO: Overflow não detectado para x =          -3 (resultado =    30)
5020000 |    -3 | 01  |    001e     |  0   |  0   |  0   |  0
5030000 |    -3 | 10  |    001e     |  0   |  0   |  0   |  0
5040000 |    -3 | 11  |    001e     |  0   |  0   |  0   |  1
5050000 |    -2 | 00  |    0014     |  0   |  0   |  0   |  0
ERRO: Overflow não detectado para x =          -2 (resultado =    20)
5060000 |    -2 | 01  |    0014     |  0   |  0   |  0   |  0
5070000 |    -2 | 10  |    0014     |  0   |  0   |  0   |  0
5080000 |    -2 | 11  |    0014     |  0   |  0   |  0   |  1
5090000 |    -1 | 00  |    000c     |  0   |  0   |  0   |  0
ERRO: Overflow não detectado para x =          -1 (resultado =    12)
5100000 |    -1 | 01  |    000c     |  0   |  0   |  0   |  0
5110000 |    -1 | 10  |    000c     |  0   |  0   |  0   |  0
5120000 |    -1 | 11  |    000c     |  0   |  0   |  0   |  1
5130000 |     0 | 00  |    0006     |  0   |  0   |  0   |  0
ERRO: Overflow não detectado para x =           0 (resultado =     6)
5140000 |     0 | 01  |    0006     |  0   |  0   |  0   |  0
5150000 |     0 | 10  |    0006     |  0   |  0   |  0   |  0
5160000 |     0 | 11  |    0006     |  0   |  0   |  0   |  1
5170000 |     1 | 00  |    0002     |  0   |  0   |  1   |  0
ERRO: Overflow não detectado para x =           1 (resultado =     2)
5180000 |     1 | 01  |    0002     |  0   |  0   |  1   |  0
5190000 |     1 | 10  |    0002     |  0   |  0   |  1   |  0
5200000 |     1 | 11  |    0002     |  0   |  0   |  1   |  1
5210000 |     2 | 00  |    0000     |  0   |  1   |  1   |  0
ERRO: Overflow não detectado para x =           2 (resultado =     0)
5220000 |     2 | 01  |    0000     |  0   |  1   |  1   |  0
5230000 |     2 | 10  |    0000     |  0   |  1   |  1   |  0
5240000 |     2 | 11  |    0000     |  0   |  1   |  1   |  1
5250000 |     3 | 00  |    0000     |  0   |  1   |  1   |  0
ERRO: Overflow não detectado para x =           3 (resultado =     0)
5260000 |     3 | 01  |    0000     |  0   |  1   |  1   |  0
5270000 |     3 | 10  |    0000     |  0   |  1   |  1   |  0
5280000 |     3 | 11  |    0000     |  0   |  1   |  1   |  1
5290000 |     4 | 00  |    0002     |  0   |  0   |  1   |  0
ERRO: Overflow não detectado para x =           4 (resultado =     2)
5300000 |     4 | 01  |    0002     |  0   |  0   |  1   |  0
5310000 |     4 | 10  |    0002     |  0   |  0   |  1   |  0
5320000 |     4 | 11  |    0002     |  0   |  0   |  1   |  1
5330000 |     5 | 00  |    0006     |  0   |  0   |  0   |  0
ERRO: Overflow não detectado para x =           5 (resultado =     6)
5340000 |     5 | 01  |    0006     |  0   |  0   |  0   |  0
5350000 |     5 | 10  |    0006     |  0   |  0   |  0   |  0
5360000 |     5 | 11  |    0006     |  0   |  0   |  0   |  1
5370000 |     6 | 00  |    000c     |  0   |  0   |  0   |  0
ERRO: Overflow não detectado para x =           6 (resultado =    12)
5380000 |     6 | 01  |    000c     |  0   |  0   |  0   |  0
5390000 |     6 | 10  |    000c     |  0   |  0   |  0   |  0
5400000 |     6 | 11  |    000c     |  0   |  0   |  0   |  1
5410000 |     7 | 00  |    0014     |  0   |  0   |  0   |  0
ERRO: Overflow não detectado para x =           7 (resultado =    20)
5420000 |     7 | 01  |    0014     |  0   |  0   |  0   |  0
5430000 |     7 | 10  |    0014     |  0   |  0   |  0   |  0
5440000 |     7 | 11  |    0014     |  0   |  0   |  0   |  1
5450000 |     8 | 00  |    001e     |  0   |  0   |  0   |  0
ERRO: Overflow não detectado para x =           8 (resultado =    30)
5460000 |     8 | 01  |    001e     |  0   |  0   |  0   |  0
5470000 |     8 | 10  |    001e     |  0   |  0   |  0   |  0
5480000 |     8 | 11  |    001e     |  0   |  0   |  0   |  1
5490000 |     9 | 00  |    002a     |  0   |  0   |  0   |  0
ERRO: Overflow não detectado para x =           9 (resultado =    42)
5500000 |     9 | 01  |    002a     |  0   |  0   |  0   |  0
5510000 |     9 | 10  |    002a     |  0   |  0   |  0   |  0
5520000 |     9 | 11  |    002a     |  0   |  0   |  0   |  1
5530000 |    10 | 00  |    0038     |  0   |  0   |  0   |  0
ERRO: Overflow não detectado para x =          10 (resultado =    56)
5540000 |    10 | 01  |    0038     |  0   |  0   |  0   |  0
5550000 |    10 | 10  |    0038     |  0   |  0   |  0   |  0
5560000 |    10 | 11  |    0038     |  0   |  0   |  0   |  1
5570000 |    11 | 00  |    0048     |  0   |  0   |  0   |  0
ERRO: Overflow não detectado para x =          11 (resultado =    72)
5580000 |    11 | 01  |    0048     |  0   |  0   |  0   |  0
5590000 |    11 | 10  |    0048     |  0   |  0   |  0   |  0
5600000 |    11 | 11  |    0048     |  0   |  0   |  0   |  1
5610000 |    12 | 00  |    005a     |  0   |  0   |  0   |  0
ERRO: Overflow não detectado para x =          12 (resultado =    90)
5620000 |    12 | 01  |    005a     |  0   |  0   |  0   |  0
5630000 |    12 | 10  |    005a     |  0   |  0   |  0   |  0
5640000 |    12 | 11  |    005a     |  0   |  0   |  0   |  1
5650000 |    13 | 00  |    006e     |  0   |  0   |  0   |  0
ERRO: Overflow não detectado para x =          13 (resultado =   110)
5660000 |    13 | 01  |    006e     |  0   |  0   |  0   |  0
5670000 |    13 | 10  |    006e     |  0   |  0   |  0   |  0
5680000 |    13 | 11  |    006e     |  0   |  0   |  0   |  1
5690000 |    14 | 00  |    0084     |  0   |  0   |  0   |  0
ERRO: Overflow não detectado para x =          14 (resultado =   132)
5700000 |    14 | 01  |    0084     |  0   |  0   |  0   |  0
5710000 |    14 | 10  |    0084     |  0   |  0   |  0   |  0
5720000 |    14 | 11  |    0084     |  0   |  0   |  0   |  1
5730000 |    15 | 00  |    009c     |  0   |  0   |  0   |  0
ERRO: Overflow não detectado para x =          15 (resultado =   156)
5740000 |    15 | 01  |    009c     |  0   |  0   |  0   |  0
5750000 |    15 | 10  |    009c     |  0   |  0   |  0   |  0
5760000 |    15 | 11  |    009c     |  0   |  0   |  0   |  1
5770000 |    16 | 00  |    00b6     |  0   |  0   |  0   |  0
ERRO: Overflow não detectado para x =          16 (resultado =   182)
5780000 |    16 | 01  |    00b6     |  0   |  0   |  0   |  0
5790000 |    16 | 10  |    00b6     |  0   |  0   |  0   |  0
5800000 |    16 | 11  |    00b6     |  0   |  0   |  0   |  1
5810000 |    17 | 00  |    00d2     |  0   |  0   |  0   |  0
ERRO: Overflow não detectado para x =          17 (resultado =   210)
5820000 |    17 | 01  |    00d2     |  0   |  0   |  0   |  0
5830000 |    17 | 10  |    00d2     |  0   |  0   |  0   |  0
5840000 |    17 | 11  |    00d2     |  0   |  0   |  0   |  1
5850000 |    18 | 00  |    00f0     |  0   |  0   |  0   |  0
ERRO: Overflow não detectado para x =          18 (resultado =   240)
5860000 |    18 | 01  |    00f0     |  0   |  0   |  0   |  0
5870000 |    18 | 10  |    00f0     |  0   |  0   |  0   |  0
5880000 |    18 | 11  |    00f0     |  0   |  0   |  0   |  1
5890000 |    19 | 00  |    0110     |  0   |  0   |  0   |  0
ERRO: Overflow não detectado para x =          19 (resultado =   272)
5900000 |    19 | 01  |    0110     |  0   |  0   |  0   |  0
5910000 |    19 | 10  |    0110     |  0   |  0   |  0   |  0
5920000 |    19 | 11  |    0110     |  0   |  0   |  0   |  1
5930000 |    20 | 00  |    0132     |  0   |  0   |  0   |  0
ERRO: Overflow não detectado para x =          20 (resultado =   306)
5940000 |    20 | 01  |    0132     |  0   |  0   |  0   |  0
5950000 |    20 | 10  |    0132     |  0   |  0   |  0   |  0
5960000 |    20 | 11  |    0132     |  0   |  0   |  0   |  1
5970000 |    21 | 00  |    0156     |  0   |  0   |  0   |  0
ERRO: Overflow não detectado para x =          21 (resultado =   342)
5980000 |    21 | 01  |    0156     |  0   |  0   |  0   |  0
5990000 |    21 | 10  |    0156     |  0   |  0   |  0   |  0
6000000 |    21 | 11  |    0156     |  0   |  0   |  0   |  1
6010000 |    22 | 00  |    017c     |  0   |  0   |  0   |  0
ERRO: Overflow não detectado para x =          22 (resultado =   380)
6020000 |    22 | 01  |    017c     |  0   |  0   |  0   |  0
6030000 |    22 | 10  |    017c     |  0   |  0   |  0   |  0
6040000 |    22 | 11  |    017c     |  0   |  0   |  0   |  1
6050000 |    23 | 00  |    01a4     |  0   |  0   |  0   |  0
ERRO: Overflow não detectado para x =          23 (resultado =   420)
6060000 |    23 | 01  |    01a4     |  0   |  0   |  0   |  0
6070000 |    23 | 10  |    01a4     |  0   |  0   |  0   |  0
6080000 |    23 | 11  |    01a4     |  0   |  0   |  0   |  1
6090000 |    24 | 00  |    01ce     |  0   |  0   |  0   |  0
ERRO: Overflow não detectado para x =          24 (resultado =   462)
6100000 |    24 | 01  |    01ce     |  0   |  0   |  0   |  0
6110000 |    24 | 10  |    01ce     |  0   |  0   |  0   |  0
6120000 |    24 | 11  |    01ce     |  0   |  0   |  0   |  1
6130000 |    25 | 00  |    01fa     |  0   |  0   |  0   |  0
ERRO: Overflow não detectado para x =          25 (resultado =   506)
6140000 |    25 | 01  |    01fa     |  0   |  0   |  0   |  0
6150000 |    25 | 10  |    01fa     |  0   |  0   |  0   |  0
6160000 |    25 | 11  |    01fa     |  0   |  0   |  0   |  1
6170000 |    26 | 00  |    0228     |  0   |  0   |  0   |  0
ERRO: Overflow não detectado para x =          26 (resultado =   552)
6180000 |    26 | 01  |    0228     |  0   |  0   |  0   |  0
6190000 |    26 | 10  |    0228     |  0   |  0   |  0   |  0
6200000 |    26 | 11  |    0228     |  0   |  0   |  0   |  1
6210000 |    27 | 00  |    0258     |  0   |  0   |  0   |  0
ERRO: Overflow não detectado para x =          27 (resultado =   600)
6220000 |    27 | 01  |    0258     |  0   |  0   |  0   |  0
6230000 |    27 | 10  |    0258     |  0   |  0   |  0   |  0
6240000 |    27 | 11  |    0258     |  0   |  0   |  0   |  1
6250000 |    28 | 00  |    028a     |  0   |  0   |  0   |  0
ERRO: Overflow não detectado para x =          28 (resultado =   650)
6260000 |    28 | 01  |    028a     |  0   |  0   |  0   |  0
6270000 |    28 | 10  |    028a     |  0   |  0   |  0   |  0
6280000 |    28 | 11  |    028a     |  0   |  0   |  0   |  1
6290000 |    29 | 00  |    02be     |  0   |  0   |  0   |  0
ERRO: Overflow não detectado para x =          29 (resultado =   702)
6300000 |    29 | 01  |    02be     |  0   |  0   |  0   |  0
6310000 |    29 | 10  |    02be     |  0   |  0   |  0   |  0
6320000 |    29 | 11  |    02be     |  0   |  0   |  0   |  1
6330000 |    30 | 00  |    02f4     |  0   |  0   |  0   |  0
ERRO: Overflow não detectado para x =          30 (resultado =   756)
6340000 |    30 | 01  |    02f4     |  0   |  0   |  0   |  0
6350000 |    30 | 10  |    02f4     |  0   |  0   |  0   |  0
6360000 |    30 | 11  |    02f4     |  0   |  0   |  0   |  1
6370000 |    31 | 00  |    032c     |  0   |  0   |  0   |  0
ERRO: Overflow não detectado para x =          31 (resultado =   812)
6380000 |    31 | 01  |    032c     |  0   |  0   |  0   |  0
6390000 |    31 | 10  |    032c     |  0   |  0   |  0   |  0
6400000 |    31 | 11  |    032c     |  0   |  0   |  0   |  1
6410000 |    32 | 00  |    0366     |  0   |  0   |  0   |  0
ERRO: Overflow não detectado para x =          32 (resultado =   870)
6420000 |    32 | 01  |    0366     |  0   |  0   |  0   |  0
6430000 |    32 | 10  |    0366     |  0   |  0   |  0   |  0
6440000 |    32 | 11  |    0366     |  0   |  0   |  0   |  1
6450000 |    33 | 00  |    03a2     |  0   |  0   |  0   |  0
ERRO: Overflow não detectado para x =          33 (resultado =   930)
6460000 |    33 | 01  |    03a2     |  0   |  0   |  0   |  0
6470000 |    33 | 10  |    03a2     |  0   |  0   |  0   |  0
6480000 |    33 | 11  |    03a2     |  0   |  0   |  0   |  1
6490000 |    34 | 00  |    03e0     |  0   |  0   |  0   |  0
ERRO: Overflow não detectado para x =          34 (resultado =   992)
6500000 |    34 | 01  |    03e0     |  0   |  0   |  0   |  0
6510000 |    34 | 10  |    03e0     |  0   |  0   |  0   |  0
6520000 |    34 | 11  |    03e0     |  0   |  0   |  0   |  1
6530000 |    35 | 00  |    0420     |  0   |  0   |  0   |  0
ERRO: Overflow não detectado para x =          35 (resultado =  1056)
6540000 |    35 | 01  |    0420     |  0   |  0   |  0   |  0
6550000 |    35 | 10  |    0420     |  0   |  0   |  0   |  0
6560000 |    35 | 11  |    0420     |  0   |  0   |  0   |  1
6570000 |    36 | 00  |    0462     |  0   |  0   |  0   |  0
ERRO: Overflow não detectado para x =          36 (resultado =  1122)
6580000 |    36 | 01  |    0462     |  0   |  0   |  0   |  0
6590000 |    36 | 10  |    0462     |  0   |  0   |  0   |  0
6600000 |    36 | 11  |    0462     |  0   |  0   |  0   |  1
6610000 |    37 | 00  |    04a6     |  0   |  0   |  0   |  0
ERRO: Overflow não detectado para x =          37 (resultado =  1190)
6620000 |    37 | 01  |    04a6     |  0   |  0   |  0   |  0
6630000 |    37 | 10  |    04a6     |  0   |  0   |  0   |  0
6640000 |    37 | 11  |    04a6     |  0   |  0   |  0   |  1
6650000 |    38 | 00  |    04ec     |  0   |  0   |  0   |  0
ERRO: Overflow não detectado para x =          38 (resultado =  1260)
6660000 |    38 | 01  |    04ec     |  0   |  0   |  0   |  0
6670000 |    38 | 10  |    04ec     |  0   |  0   |  0   |  0
6680000 |    38 | 11  |    04ec     |  0   |  0   |  0   |  1
6690000 |    39 | 00  |    0534     |  0   |  0   |  0   |  0
ERRO: Overflow não detectado para x =          39 (resultado =  1332)
6700000 |    39 | 01  |    0534     |  0   |  0   |  0   |  0
6710000 |    39 | 10  |    0534     |  0   |  0   |  0   |  0
6720000 |    39 | 11  |    0534     |  0   |  0   |  0   |  1
6730000 |    40 | 00  |    057e     |  0   |  0   |  0   |  0
ERRO: Overflow não detectado para x =          40 (resultado =  1406)
6740000 |    40 | 01  |    057e     |  0   |  0   |  0   |  0
6750000 |    40 | 10  |    057e     |  0   |  0   |  0   |  0
6760000 |    40 | 11  |    057e     |  0   |  0   |  0   |  1
6770000 |    41 | 00  |    05ca     |  0   |  0   |  0   |  0
ERRO: Overflow não detectado para x =          41 (resultado =  1482)
6780000 |    41 | 01  |    05ca     |  0   |  0   |  0   |  0
6790000 |    41 | 10  |    05ca     |  0   |  0   |  0   |  0
6800000 |    41 | 11  |    05ca     |  0   |  0   |  0   |  1
6810000 |    42 | 00  |    0618     |  0   |  0   |  0   |  0
ERRO: Overflow não detectado para x =          42 (resultado =  1560)
6820000 |    42 | 01  |    0618     |  0   |  0   |  0   |  0
6830000 |    42 | 10  |    0618     |  0   |  0   |  0   |  0
6840000 |    42 | 11  |    0618     |  0   |  0   |  0   |  1
6850000 |    43 | 00  |    0668     |  0   |  0   |  0   |  0
ERRO: Overflow não detectado para x =          43 (resultado =  1640)
6860000 |    43 | 01  |    0668     |  0   |  0   |  0   |  0
6870000 |    43 | 10  |    0668     |  0   |  0   |  0   |  0
6880000 |    43 | 11  |    0668     |  0   |  0   |  0   |  1
6890000 |    44 | 00  |    06ba     |  0   |  0   |  0   |  0
ERRO: Overflow não detectado para x =          44 (resultado =  1722)
6900000 |    44 | 01  |    06ba     |  0   |  0   |  0   |  0
6910000 |    44 | 10  |    06ba     |  0   |  0   |  0   |  0
6920000 |    44 | 11  |    06ba     |  0   |  0   |  0   |  1
6930000 |    45 | 00  |    070e     |  0   |  0   |  0   |  0
ERRO: Overflow não detectado para x =          45 (resultado =  1806)
6940000 |    45 | 01  |    070e     |  0   |  0   |  0   |  0
6950000 |    45 | 10  |    070e     |  0   |  0   |  0   |  0
6960000 |    45 | 11  |    070e     |  0   |  0   |  0   |  1
6970000 |    46 | 00  |    0764     |  0   |  0   |  0   |  0
ERRO: Overflow não detectado para x =          46 (resultado =  1892)
6980000 |    46 | 01  |    0764     |  0   |  0   |  0   |  0
6990000 |    46 | 10  |    0764     |  0   |  0   |  0   |  0
7000000 |    46 | 11  |    0764     |  0   |  0   |  0   |  1
7010000 |    47 | 00  |    07bc     |  0   |  0   |  0   |  0
ERRO: Overflow não detectado para x =          47 (resultado =  1980)
7020000 |    47 | 01  |    07bc     |  0   |  0   |  0   |  0
7030000 |    47 | 10  |    07bc     |  0   |  0   |  0   |  0
7040000 |    47 | 11  |    07bc     |  0   |  0   |  0   |  1
7050000 |    48 | 00  |    0816     |  0   |  0   |  0   |  0
ERRO: Overflow não detectado para x =          48 (resultado =  2070)
7060000 |    48 | 01  |    0816     |  0   |  0   |  0   |  0
7070000 |    48 | 10  |    0816     |  0   |  0   |  0   |  0
7080000 |    48 | 11  |    0816     |  0   |  0   |  0   |  1
7090000 |    49 | 00  |    0872     |  0   |  0   |  0   |  0
ERRO: Overflow não detectado para x =          49 (resultado =  2162)
7100000 |    49 | 01  |    0872     |  0   |  0   |  0   |  0
7110000 |    49 | 10  |    0872     |  0   |  0   |  0   |  0
7120000 |    49 | 11  |    0872     |  0   |  0   |  0   |  1
7130000 |    50 | 00  |    08d0     |  0   |  0   |  0   |  0
ERRO: Overflow não detectado para x =          50 (resultado =  2256)
7140000 |    50 | 01  |    08d0     |  0   |  0   |  0   |  0
7150000 |    50 | 10  |    08d0     |  0   |  0   |  0   |  0
7160000 |    50 | 11  |    08d0     |  0   |  0   |  0   |  1
7170000 |    51 | 00  |    0930     |  0   |  0   |  0   |  0
ERRO: Overflow não detectado para x =          51 (resultado =  2352)
7180000 |    51 | 01  |    0930     |  0   |  0   |  0   |  0
7190000 |    51 | 10  |    0930     |  0   |  0   |  0   |  0
7200000 |    51 | 11  |    0930     |  0   |  0   |  0   |  1
7210000 |    52 | 00  |    0992     |  0   |  0   |  0   |  0
ERRO: Overflow não detectado para x =          52 (resultado =  2450)
7220000 |    52 | 01  |    0992     |  0   |  0   |  0   |  0
7230000 |    52 | 10  |    0992     |  0   |  0   |  0   |  0
7240000 |    52 | 11  |    0992     |  0   |  0   |  0   |  1
7250000 |    53 | 00  |    09f6     |  0   |  0   |  0   |  0
ERRO: Overflow não detectado para x =          53 (resultado =  2550)
7260000 |    53 | 01  |    09f6     |  0   |  0   |  0   |  0
7270000 |    53 | 10  |    09f6     |  0   |  0   |  0   |  0
7280000 |    53 | 11  |    09f6     |  0   |  0   |  0   |  1
7290000 |    54 | 00  |    0a5c     |  0   |  0   |  0   |  0
ERRO: Overflow não detectado para x =          54 (resultado =  2652)
7300000 |    54 | 01  |    0a5c     |  0   |  0   |  0   |  0
7310000 |    54 | 10  |    0a5c     |  0   |  0   |  0   |  0
7320000 |    54 | 11  |    0a5c     |  0   |  0   |  0   |  1
7330000 |    55 | 00  |    0ac4     |  0   |  0   |  0   |  0
ERRO: Overflow não detectado para x =          55 (resultado =  2756)
7340000 |    55 | 01  |    0ac4     |  0   |  0   |  0   |  0
7350000 |    55 | 10  |    0ac4     |  0   |  0   |  0   |  0
7360000 |    55 | 11  |    0ac4     |  0   |  0   |  0   |  1
7370000 |    56 | 00  |    0b2e     |  0   |  0   |  0   |  0
ERRO: Overflow não detectado para x =          56 (resultado =  2862)
7380000 |    56 | 01  |    0b2e     |  0   |  0   |  0   |  0
7390000 |    56 | 10  |    0b2e     |  0   |  0   |  0   |  0
7400000 |    56 | 11  |    0b2e     |  0   |  0   |  0   |  1
7410000 |    57 | 00  |    0b9a     |  0   |  0   |  0   |  0
ERRO: Overflow não detectado para x =          57 (resultado =  2970)
7420000 |    57 | 01  |    0b9a     |  0   |  0   |  0   |  0
7430000 |    57 | 10  |    0b9a     |  0   |  0   |  0   |  0
7440000 |    57 | 11  |    0b9a     |  0   |  0   |  0   |  1
7450000 |    58 | 00  |    0c08     |  0   |  0   |  0   |  0
ERRO: Overflow não detectado para x =          58 (resultado =  3080)
7460000 |    58 | 01  |    0c08     |  0   |  0   |  0   |  0
7470000 |    58 | 10  |    0c08     |  0   |  0   |  0   |  0
7480000 |    58 | 11  |    0c08     |  0   |  0   |  0   |  1
7490000 |    59 | 00  |    0c78     |  0   |  0   |  0   |  0
ERRO: Overflow não detectado para x =          59 (resultado =  3192)
7500000 |    59 | 01  |    0c78     |  0   |  0   |  0   |  0
7510000 |    59 | 10  |    0c78     |  0   |  0   |  0   |  0
7520000 |    59 | 11  |    0c78     |  0   |  0   |  0   |  1
7530000 |    60 | 00  |    0cea     |  0   |  0   |  0   |  0
ERRO: Overflow não detectado para x =          60 (resultado =  3306)
7540000 |    60 | 01  |    0cea     |  0   |  0   |  0   |  0
7550000 |    60 | 10  |    0cea     |  0   |  0   |  0   |  0
7560000 |    60 | 11  |    0cea     |  0   |  0   |  0   |  1
7570000 |    61 | 00  |    0d5e     |  0   |  0   |  0   |  0
ERRO: Overflow não detectado para x =          61 (resultado =  3422)
7580000 |    61 | 01  |    0d5e     |  0   |  0   |  0   |  0
7590000 |    61 | 10  |    0d5e     |  0   |  0   |  0   |  0
7600000 |    61 | 11  |    0d5e     |  0   |  0   |  0   |  1
7610000 |    62 | 00  |    0dd4     |  0   |  0   |  0   |  0
ERRO: Overflow não detectado para x =          62 (resultado =  3540)
7620000 |    62 | 01  |    0dd4     |  0   |  0   |  0   |  0
7630000 |    62 | 10  |    0dd4     |  0   |  0   |  0   |  0
7640000 |    62 | 11  |    0dd4     |  0   |  0   |  0   |  1
7650000 |    63 | 00  |    0e4c     |  0   |  0   |  0   |  0
ERRO: Overflow não detectado para x =          63 (resultado =  3660)
7660000 |    63 | 01  |    0e4c     |  0   |  0   |  0   |  0
7670000 |    63 | 10  |    0e4c     |  0   |  0   |  0   |  0
7680000 |    63 | 11  |    0e4c     |  0   |  0   |  0   |  1
7690000 |    64 | 00  |    0ec6     |  0   |  0   |  0   |  0
ERRO: Overflow não detectado para x =          64 (resultado =  3782)
7700000 |    64 | 01  |    0ec6     |  0   |  0   |  0   |  0
7710000 |    64 | 10  |    0ec6     |  0   |  0   |  0   |  0
7720000 |    64 | 11  |    0ec6     |  0   |  0   |  0   |  1
7730000 |    65 | 00  |    0f42     |  0   |  0   |  0   |  0
ERRO: Overflow não detectado para x =          65 (resultado =  3906)
7740000 |    65 | 01  |    0f42     |  0   |  0   |  0   |  0
7750000 |    65 | 10  |    0f42     |  0   |  0   |  0   |  0
7760000 |    65 | 11  |    0f42     |  0   |  0   |  0   |  1
7770000 |    66 | 00  |    0fc0     |  0   |  0   |  0   |  0
ERRO: Overflow não detectado para x =          66 (resultado =  4032)
7780000 |    66 | 01  |    0fc0     |  0   |  0   |  0   |  0
7790000 |    66 | 10  |    0fc0     |  0   |  0   |  0   |  0
7800000 |    66 | 11  |    0fc0     |  0   |  0   |  0   |  1
7810000 |    67 | 00  |    1040     |  0   |  0   |  0   |  0
ERRO: Overflow não detectado para x =          67 (resultado =  4160)
7820000 |    67 | 01  |    1040     |  0   |  0   |  0   |  0
7830000 |    67 | 10  |    1040     |  0   |  0   |  0   |  0
7840000 |    67 | 11  |    1040     |  0   |  0   |  0   |  1
7850000 |    68 | 00  |    10c2     |  0   |  0   |  0   |  0
ERRO: Overflow não detectado para x =          68 (resultado =  4290)
7860000 |    68 | 01  |    10c2     |  0   |  0   |  0   |  0
7870000 |    68 | 10  |    10c2     |  0   |  0   |  0   |  0
7880000 |    68 | 11  |    10c2     |  0   |  0   |  0   |  1
7890000 |    69 | 00  |    1146     |  0   |  0   |  0   |  0
ERRO: Overflow não detectado para x =          69 (resultado =  4422)
7900000 |    69 | 01  |    1146     |  0   |  0   |  0   |  0
7910000 |    69 | 10  |    1146     |  0   |  0   |  0   |  0
7920000 |    69 | 11  |    1146     |  0   |  0   |  0   |  1
7930000 |    70 | 00  |    11cc     |  0   |  0   |  0   |  0
ERRO: Overflow não detectado para x =          70 (resultado =  4556)
7940000 |    70 | 01  |    11cc     |  0   |  0   |  0   |  0
7950000 |    70 | 10  |    11cc     |  0   |  0   |  0   |  0
7960000 |    70 | 11  |    11cc     |  0   |  0   |  0   |  1
7970000 |    71 | 00  |    1254     |  0   |  0   |  0   |  0
ERRO: Overflow não detectado para x =          71 (resultado =  4692)
7980000 |    71 | 01  |    1254     |  0   |  0   |  0   |  0
7990000 |    71 | 10  |    1254     |  0   |  0   |  0   |  0
8000000 |    71 | 11  |    1254     |  0   |  0   |  0   |  1
8010000 |    72 | 00  |    12de     |  0   |  0   |  0   |  0
ERRO: Overflow não detectado para x =          72 (resultado =  4830)
8020000 |    72 | 01  |    12de     |  0   |  0   |  0   |  0
8030000 |    72 | 10  |    12de     |  0   |  0   |  0   |  0
8040000 |    72 | 11  |    12de     |  0   |  0   |  0   |  1
8050000 |    73 | 00  |    136a     |  0   |  0   |  0   |  0
ERRO: Overflow não detectado para x =          73 (resultado =  4970)
8060000 |    73 | 01  |    136a     |  0   |  0   |  0   |  0
8070000 |    73 | 10  |    136a     |  0   |  0   |  0   |  0
8080000 |    73 | 11  |    136a     |  0   |  0   |  0   |  1
8090000 |    74 | 00  |    13f8     |  0   |  0   |  0   |  0
ERRO: Overflow não detectado para x =          74 (resultado =  5112)
8100000 |    74 | 01  |    13f8     |  0   |  0   |  0   |  0
8110000 |    74 | 10  |    13f8     |  0   |  0   |  0   |  0
8120000 |    74 | 11  |    13f8     |  0   |  0   |  0   |  1
8130000 |    75 | 00  |    1488     |  0   |  0   |  0   |  0
ERRO: Overflow não detectado para x =          75 (resultado =  5256)
8140000 |    75 | 01  |    1488     |  0   |  0   |  0   |  0
8150000 |    75 | 10  |    1488     |  0   |  0   |  0   |  0
8160000 |    75 | 11  |    1488     |  0   |  0   |  0   |  1
8170000 |    76 | 00  |    151a     |  0   |  0   |  0   |  0
ERRO: Overflow não detectado para x =          76 (resultado =  5402)
8180000 |    76 | 01  |    151a     |  0   |  0   |  0   |  0
8190000 |    76 | 10  |    151a     |  0   |  0   |  0   |  0
8200000 |    76 | 11  |    151a     |  0   |  0   |  0   |  1
8210000 |    77 | 00  |    15ae     |  0   |  0   |  0   |  0
ERRO: Overflow não detectado para x =          77 (resultado =  5550)
8220000 |    77 | 01  |    15ae     |  0   |  0   |  0   |  0
8230000 |    77 | 10  |    15ae     |  0   |  0   |  0   |  0
8240000 |    77 | 11  |    15ae     |  0   |  0   |  0   |  1
8250000 |    78 | 00  |    1644     |  0   |  0   |  0   |  0
ERRO: Overflow não detectado para x =          78 (resultado =  5700)
8260000 |    78 | 01  |    1644     |  0   |  0   |  0   |  0
8270000 |    78 | 10  |    1644     |  0   |  0   |  0   |  0
8280000 |    78 | 11  |    1644     |  0   |  0   |  0   |  1
8290000 |    79 | 00  |    16dc     |  0   |  0   |  0   |  0
ERRO: Overflow não detectado para x =          79 (resultado =  5852)
8300000 |    79 | 01  |    16dc     |  0   |  0   |  0   |  0
8310000 |    79 | 10  |    16dc     |  0   |  0   |  0   |  0
8320000 |    79 | 11  |    16dc     |  0   |  0   |  0   |  1
8330000 |    80 | 00  |    1776     |  0   |  0   |  0   |  0
ERRO: Overflow não detectado para x =          80 (resultado =  6006)
8340000 |    80 | 01  |    1776     |  0   |  0   |  0   |  0
8350000 |    80 | 10  |    1776     |  0   |  0   |  0   |  0
8360000 |    80 | 11  |    1776     |  0   |  0   |  0   |  1
8370000 |    81 | 00  |    1812     |  0   |  0   |  0   |  0
ERRO: Overflow não detectado para x =          81 (resultado =  6162)
8380000 |    81 | 01  |    1812     |  0   |  0   |  0   |  0
8390000 |    81 | 10  |    1812     |  0   |  0   |  0   |  0
8400000 |    81 | 11  |    1812     |  0   |  0   |  0   |  1
8410000 |    82 | 00  |    18b0     |  0   |  0   |  0   |  0
ERRO: Overflow não detectado para x =          82 (resultado =  6320)
8420000 |    82 | 01  |    18b0     |  0   |  0   |  0   |  0
8430000 |    82 | 10  |    18b0     |  0   |  0   |  0   |  0
8440000 |    82 | 11  |    18b0     |  0   |  0   |  0   |  1
8450000 |    83 | 00  |    1950     |  0   |  0   |  0   |  0
ERRO: Overflow não detectado para x =          83 (resultado =  6480)
8460000 |    83 | 01  |    1950     |  0   |  0   |  0   |  0
8470000 |    83 | 10  |    1950     |  0   |  0   |  0   |  0
8480000 |    83 | 11  |    1950     |  0   |  0   |  0   |  1
8490000 |    84 | 00  |    19f2     |  0   |  0   |  0   |  0
ERRO: Overflow não detectado para x =          84 (resultado =  6642)
8500000 |    84 | 01  |    19f2     |  0   |  0   |  0   |  0
8510000 |    84 | 10  |    19f2     |  0   |  0   |  0   |  0
8520000 |    84 | 11  |    19f2     |  0   |  0   |  0   |  1
8530000 |    85 | 00  |    1a96     |  0   |  0   |  0   |  0
ERRO: Overflow não detectado para x =          85 (resultado =  6806)
8540000 |    85 | 01  |    1a96     |  0   |  0   |  0   |  0
8550000 |    85 | 10  |    1a96     |  0   |  0   |  0   |  0
8560000 |    85 | 11  |    1a96     |  0   |  0   |  0   |  1
8570000 |    86 | 00  |    1b3c     |  0   |  0   |  0   |  0
ERRO: Overflow não detectado para x =          86 (resultado =  6972)
8580000 |    86 | 01  |    1b3c     |  0   |  0   |  0   |  0
8590000 |    86 | 10  |    1b3c     |  0   |  0   |  0   |  0
8600000 |    86 | 11  |    1b3c     |  0   |  0   |  0   |  1
8610000 |    87 | 00  |    1be4     |  0   |  0   |  0   |  0
ERRO: Overflow não detectado para x =          87 (resultado =  7140)
8620000 |    87 | 01  |    1be4     |  0   |  0   |  0   |  0
8630000 |    87 | 10  |    1be4     |  0   |  0   |  0   |  0
8640000 |    87 | 11  |    1be4     |  0   |  0   |  0   |  1
8650000 |    88 | 00  |    1c8e     |  0   |  0   |  0   |  0
ERRO: Overflow não detectado para x =          88 (resultado =  7310)
8660000 |    88 | 01  |    1c8e     |  0   |  0   |  0   |  0
8670000 |    88 | 10  |    1c8e     |  0   |  0   |  0   |  0
8680000 |    88 | 11  |    1c8e     |  0   |  0   |  0   |  1
8690000 |    89 | 00  |    1d3a     |  0   |  0   |  0   |  0
ERRO: Overflow não detectado para x =          89 (resultado =  7482)
8700000 |    89 | 01  |    1d3a     |  0   |  0   |  0   |  0
8710000 |    89 | 10  |    1d3a     |  0   |  0   |  0   |  0
8720000 |    89 | 11  |    1d3a     |  0   |  0   |  0   |  1
8730000 |    90 | 00  |    1de8     |  0   |  0   |  0   |  0
ERRO: Overflow não detectado para x =          90 (resultado =  7656)
8740000 |    90 | 01  |    1de8     |  0   |  0   |  0   |  0
8750000 |    90 | 10  |    1de8     |  0   |  0   |  0   |  0
8760000 |    90 | 11  |    1de8     |  0   |  0   |  0   |  1
8770000 |    91 | 00  |    1e98     |  0   |  0   |  0   |  0
ERRO: Overflow não detectado para x =          91 (resultado =  7832)
8780000 |    91 | 01  |    1e98     |  0   |  0   |  0   |  0
8790000 |    91 | 10  |    1e98     |  0   |  0   |  0   |  0
8800000 |    91 | 11  |    1e98     |  0   |  0   |  0   |  1
8810000 |    92 | 00  |    1f4a     |  0   |  0   |  0   |  0
ERRO: Overflow não detectado para x =          92 (resultado =  8010)
8820000 |    92 | 01  |    1f4a     |  0   |  0   |  0   |  0
8830000 |    92 | 10  |    1f4a     |  0   |  0   |  0   |  0
8840000 |    92 | 11  |    1f4a     |  0   |  0   |  0   |  1
8850000 |    93 | 00  |    1ffe     |  0   |  0   |  0   |  0
ERRO: Overflow não detectado para x =          93 (resultado =  8190)
8860000 |    93 | 01  |    1ffe     |  0   |  0   |  0   |  0
8870000 |    93 | 10  |    1ffe     |  0   |  0   |  0   |  0
8880000 |    93 | 11  |    1ffe     |  0   |  0   |  0   |  1
8890000 |    94 | 00  |    20b4     |  0   |  0   |  0   |  0
ERRO: Overflow não detectado para x =          94 (resultado =  8372)
8900000 |    94 | 01  |    20b4     |  0   |  0   |  0   |  0
8910000 |    94 | 10  |    20b4     |  0   |  0   |  0   |  0
8920000 |    94 | 11  |    20b4     |  0   |  0   |  0   |  1
8930000 |    95 | 00  |    216c     |  0   |  0   |  0   |  0
ERRO: Overflow não detectado para x =          95 (resultado =  8556)
8940000 |    95 | 01  |    216c     |  0   |  0   |  0   |  0
8950000 |    95 | 10  |    216c     |  0   |  0   |  0   |  0
8960000 |    95 | 11  |    216c     |  0   |  0   |  0   |  1
8970000 |    96 | 00  |    2226     |  0   |  0   |  0   |  0
ERRO: Overflow não detectado para x =          96 (resultado =  8742)
8980000 |    96 | 01  |    2226     |  0   |  0   |  0   |  0
8990000 |    96 | 10  |    2226     |  0   |  0   |  0   |  0
9000000 |    96 | 11  |    2226     |  0   |  0   |  0   |  1
9010000 |    97 | 00  |    22e2     |  0   |  0   |  0   |  0
ERRO: Overflow não detectado para x =          97 (resultado =  8930)
9020000 |    97 | 01  |    22e2     |  0   |  0   |  0   |  0
9030000 |    97 | 10  |    22e2     |  0   |  0   |  0   |  0
9040000 |    97 | 11  |    22e2     |  0   |  0   |  0   |  1
9050000 |    98 | 00  |    23a0     |  0   |  0   |  0   |  0
ERRO: Overflow não detectado para x =          98 (resultado =  9120)
9060000 |    98 | 01  |    23a0     |  0   |  0   |  0   |  0
9070000 |    98 | 10  |    23a0     |  0   |  0   |  0   |  0
9080000 |    98 | 11  |    23a0     |  0   |  0   |  0   |  1
9090000 |    99 | 00  |    2460     |  0   |  0   |  0   |  0
ERRO: Overflow não detectado para x =          99 (resultado =  9312)
9100000 |    99 | 01  |    2460     |  0   |  0   |  0   |  0
9110000 |    99 | 10  |    2460     |  0   |  0   |  0   |  0
9120000 |    99 | 11  |    2460     |  0   |  0   |  0   |  1
9130000 |   100 | 00  |    2522     |  0   |  0   |  0   |  0
ERRO: Overflow não detectado para x =         100 (resultado =  9506)
9140000 |   100 | 01  |    2522     |  0   |  0   |  0   |  0
9150000 |   100 | 10  |    2522     |  0   |  0   |  0   |  0
9160000 |   100 | 11  |    2522     |  0   |  0   |  0   |  1
9170000 |   101 | 00  |    25e6     |  0   |  0   |  0   |  0
ERRO: Overflow não detectado para x =         101 (resultado =  9702)
9180000 |   101 | 01  |    25e6     |  0   |  0   |  0   |  0
9190000 |   101 | 10  |    25e6     |  0   |  0   |  0   |  0
9200000 |   101 | 11  |    25e6     |  0   |  0   |  0   |  1
9210000 |   102 | 00  |    26ac     |  0   |  0   |  0   |  0
ERRO: Overflow não detectado para x =         102 (resultado =  9900)
9220000 |   102 | 01  |    26ac     |  0   |  0   |  0   |  0
9230000 |   102 | 10  |    26ac     |  0   |  0   |  0   |  0
9240000 |   102 | 11  |    26ac     |  0   |  0   |  0   |  1
9250000 |   103 | 00  |    2774     |  0   |  0   |  0   |  0
ERRO: Overflow não detectado para x =         103 (resultado = 10100)
9260000 |   103 | 01  |    2774     |  0   |  0   |  0   |  0
9270000 |   103 | 10  |    2774     |  0   |  0   |  0   |  0
9280000 |   103 | 11  |    2774     |  0   |  0   |  0   |  1
9290000 |   104 | 00  |    283e     |  0   |  0   |  0   |  0
ERRO: Overflow não detectado para x =         104 (resultado = 10302)
9300000 |   104 | 01  |    283e     |  0   |  0   |  0   |  0
9310000 |   104 | 10  |    283e     |  0   |  0   |  0   |  0
9320000 |   104 | 11  |    283e     |  0   |  0   |  0   |  1
9330000 |   105 | 00  |    290a     |  0   |  0   |  0   |  0
ERRO: Overflow não detectado para x =         105 (resultado = 10506)
9340000 |   105 | 01  |    290a     |  0   |  0   |  0   |  0
9350000 |   105 | 10  |    290a     |  0   |  0   |  0   |  0
9360000 |   105 | 11  |    290a     |  0   |  0   |  0   |  1
9370000 |   106 | 00  |    29d8     |  0   |  0   |  0   |  0
ERRO: Overflow não detectado para x =         106 (resultado = 10712)
9380000 |   106 | 01  |    29d8     |  0   |  0   |  0   |  0
9390000 |   106 | 10  |    29d8     |  0   |  0   |  0   |  0
9400000 |   106 | 11  |    29d8     |  0   |  0   |  0   |  1
9410000 |   107 | 00  |    2aa8     |  0   |  0   |  0   |  0
ERRO: Overflow não detectado para x =         107 (resultado = 10920)
9420000 |   107 | 01  |    2aa8     |  0   |  0   |  0   |  0
9430000 |   107 | 10  |    2aa8     |  0   |  0   |  0   |  0
9440000 |   107 | 11  |    2aa8     |  0   |  0   |  0   |  1
9450000 |   108 | 00  |    2b7a     |  0   |  0   |  0   |  0
ERRO: Overflow não detectado para x =         108 (resultado = 11130)
9460000 |   108 | 01  |    2b7a     |  0   |  0   |  0   |  0
9470000 |   108 | 10  |    2b7a     |  0   |  0   |  0   |  0
9480000 |   108 | 11  |    2b7a     |  0   |  0   |  0   |  1
9490000 |   109 | 00  |    2c4e     |  0   |  0   |  0   |  0
ERRO: Overflow não detectado para x =         109 (resultado = 11342)
9500000 |   109 | 01  |    2c4e     |  0   |  0   |  0   |  0
9510000 |   109 | 10  |    2c4e     |  0   |  0   |  0   |  0
9520000 |   109 | 11  |    2c4e     |  0   |  0   |  0   |  1
9530000 |   110 | 00  |    2d24     |  0   |  0   |  0   |  0
ERRO: Overflow não detectado para x =         110 (resultado = 11556)
9540000 |   110 | 01  |    2d24     |  0   |  0   |  0   |  0
9550000 |   110 | 10  |    2d24     |  0   |  0   |  0   |  0
9560000 |   110 | 11  |    2d24     |  0   |  0   |  0   |  1
9570000 |   111 | 00  |    2dfc     |  0   |  0   |  0   |  0
ERRO: Overflow não detectado para x =         111 (resultado = 11772)
9580000 |   111 | 01  |    2dfc     |  0   |  0   |  0   |  0
9590000 |   111 | 10  |    2dfc     |  0   |  0   |  0   |  0
9600000 |   111 | 11  |    2dfc     |  0   |  0   |  0   |  1
9610000 |   112 | 00  |    2ed6     |  0   |  0   |  0   |  0
ERRO: Overflow não detectado para x =         112 (resultado = 11990)
9620000 |   112 | 01  |    2ed6     |  0   |  0   |  0   |  0
9630000 |   112 | 10  |    2ed6     |  0   |  0   |  0   |  0
9640000 |   112 | 11  |    2ed6     |  0   |  0   |  0   |  1
9650000 |   113 | 00  |    2fb2     |  0   |  0   |  0   |  0
ERRO: Overflow não detectado para x =         113 (resultado = 12210)
9660000 |   113 | 01  |    2fb2     |  0   |  0   |  0   |  0
9670000 |   113 | 10  |    2fb2     |  0   |  0   |  0   |  0
9680000 |   113 | 11  |    2fb2     |  0   |  0   |  0   |  1
9690000 |   114 | 00  |    3090     |  0   |  0   |  0   |  0
ERRO: Overflow não detectado para x =         114 (resultado = 12432)
9700000 |   114 | 01  |    3090     |  0   |  0   |  0   |  0
9710000 |   114 | 10  |    3090     |  0   |  0   |  0   |  0
9720000 |   114 | 11  |    3090     |  0   |  0   |  0   |  1
9730000 |   115 | 00  |    3170     |  0   |  0   |  0   |  0
ERRO: Overflow não detectado para x =         115 (resultado = 12656)
9740000 |   115 | 01  |    3170     |  0   |  0   |  0   |  0
9750000 |   115 | 10  |    3170     |  0   |  0   |  0   |  0
9760000 |   115 | 11  |    3170     |  0   |  0   |  0   |  1
9770000 |   116 | 00  |    3252     |  0   |  0   |  0   |  0
ERRO: Overflow não detectado para x =         116 (resultado = 12882)
9780000 |   116 | 01  |    3252     |  0   |  0   |  0   |  0
9790000 |   116 | 10  |    3252     |  0   |  0   |  0   |  0
9800000 |   116 | 11  |    3252     |  0   |  0   |  0   |  1
9810000 |   117 | 00  |    3336     |  0   |  0   |  0   |  0
ERRO: Overflow não detectado para x =         117 (resultado = 13110)
9820000 |   117 | 01  |    3336     |  0   |  0   |  0   |  0
9830000 |   117 | 10  |    3336     |  0   |  0   |  0   |  0
9840000 |   117 | 11  |    3336     |  0   |  0   |  0   |  1
9850000 |   118 | 00  |    341c     |  0   |  0   |  0   |  0
ERRO: Overflow não detectado para x =         118 (resultado = 13340)
9860000 |   118 | 01  |    341c     |  0   |  0   |  0   |  0
9870000 |   118 | 10  |    341c     |  0   |  0   |  0   |  0
9880000 |   118 | 11  |    341c     |  0   |  0   |  0   |  1
9890000 |   119 | 00  |    3504     |  0   |  0   |  0   |  0
ERRO: Overflow não detectado para x =         119 (resultado = 13572)
9900000 |   119 | 01  |    3504     |  0   |  0   |  0   |  0
9910000 |   119 | 10  |    3504     |  0   |  0   |  0   |  0
9920000 |   119 | 11  |    3504     |  0   |  0   |  0   |  1
9930000 |   120 | 00  |    35ee     |  0   |  0   |  0   |  0
ERRO: Overflow não detectado para x =         120 (resultado = 13806)
9940000 |   120 | 01  |    35ee     |  0   |  0   |  0   |  0
9950000 |   120 | 10  |    35ee     |  0   |  0   |  0   |  0
9960000 |   120 | 11  |    35ee     |  0   |  0   |  0   |  1
9970000 |   121 | 00  |    36da     |  0   |  0   |  0   |  0
ERRO: Overflow não detectado para x =         121 (resultado = 14042)
9980000 |   121 | 01  |    36da     |  0   |  0   |  0   |  0
9990000 |   121 | 10  |    36da     |  0   |  0   |  0   |  0
10000000 |   121 | 11  |    36da     |  0   |  0   |  0   |  1
10010000 |   122 | 00  |    37c8     |  0   |  0   |  0   |  0
ERRO: Overflow não detectado para x =         122 (resultado = 14280)
10020000 |   122 | 01  |    37c8     |  0   |  0   |  0   |  0
10030000 |   122 | 10  |    37c8     |  0   |  0   |  0   |  0
10040000 |   122 | 11  |    37c8     |  0   |  0   |  0   |  1
10050000 |   123 | 00  |    38b8     |  0   |  0   |  0   |  0
ERRO: Overflow não detectado para x =         123 (resultado = 14520)
10060000 |   123 | 01  |    38b8     |  0   |  0   |  0   |  0
10070000 |   123 | 10  |    38b8     |  0   |  0   |  0   |  0
10080000 |   123 | 11  |    38b8     |  0   |  0   |  0   |  1
10090000 |   124 | 00  |    39aa     |  0   |  0   |  0   |  0
ERRO: Overflow não detectado para x =         124 (resultado = 14762)
10100000 |   124 | 01  |    39aa     |  0   |  0   |  0   |  0
10110000 |   124 | 10  |    39aa     |  0   |  0   |  0   |  0
10120000 |   124 | 11  |    39aa     |  0   |  0   |  0   |  1
10130000 |   125 | 00  |    3a9e     |  0   |  0   |  0   |  0
ERRO: Overflow não detectado para x =         125 (resultado = 15006)
10140000 |   125 | 01  |    3a9e     |  0   |  0   |  0   |  0
10150000 |   125 | 10  |    3a9e     |  0   |  0   |  0   |  0
10160000 |   125 | 11  |    3a9e     |  0   |  0   |  0   |  1
10170000 |   126 | 00  |    3b94     |  0   |  0   |  0   |  0
ERRO: Overflow não detectado para x =         126 (resultado = 15252)
10180000 |   126 | 01  |    3b94     |  0   |  0   |  0   |  0
10190000 |   126 | 10  |    3b94     |  0   |  0   |  0   |  0
10200000 |   126 | 11  |    3b94     |  0   |  0   |  0   |  1
10210000 |   127 | 00  |    3c8c     |  0   |  0   |  0   |  0
ERRO: Overflow não detectado para x =         127 (resultado = 15500)
10220000 |   127 | 01  |    3c8c     |  0   |  0   |  0   |  0
10230000 |   127 | 10  |    3c8c     |  0   |  0   |  0   |  0
10240000 |   127 | 11  |    3c8c     |  0   |  0   |  0   |  1
-----------------------------------------------------------
 TESTE COM VALORES ESPECIFICOS
-----------------------------------------------------------
x=0   (HEX): soma2=0006, overflow=0, zero=0, cout=0, erro=0
x=1   (HEX): soma2=0002, overflow=0, zero=0, cout=1, erro=0
x=2   (HEX): soma2=0000, overflow=0, zero=1, cout=1, erro=0
x=3   (HEX): soma2=0000, overflow=0, zero=1, cout=1, erro=0
x=4   (HEX): soma2=0002, overflow=0, zero=0, cout=1, erro=0
x=5   (HEX): soma2=0006, overflow=0, zero=0, cout=0, erro=0
x=-1  (HEX): soma2=000c, overflow=0, zero=0, cout=0, erro=0
x=127 (HEX): soma2=3c8c, overflow=0, zero=0, cout=0, erro=0
x=-128(HEX): soma2=4286, overflow=0, zero=0, cout=0, erro=0
-----------------------------------------------------------
 TESTE DOS MODOS DE DISPLAY (x = 0x0F = 15)
-----------------------------------------------------------
SEL=00 (HEX): disp4=1111111, disp3=1111111, disp2=1111111, disp1=1111111, disp0=1111111
SEL=01 (DEC): disp4=0000001, disp3=0000001, disp2=1001111, disp1=0100100, disp0=0100000
SEL=10 (SINAL): disp4=0000001, disp3=0000001, disp2=0000100, disp1=0110001, disp0=1111111
SEL=11 (ERRO): disp4=1111111, disp3=1111111, disp2=1111111, disp1=1111111, disp0=1111111
-----------------------------------------------------------
 TESTE DE OVERFLOW (valores fora da faixa)
-----------------------------------------------------------
x=200 (fora da faixa): overflow=0, cout=0, erro=0
x=255 (fora da faixa): overflow=0, cout=0, erro=0
-----------------------------------------------------------
 RESUMO FINAL
-----------------------------------------------------------
❌ TESTE CONCLUIDO COM         256 ERRO(S) ENCONTRADO(S)
-----------------------------------------------------------
LEGENDA DOS DISPLAYS:
  SEL=00 -> Hexadecimal (deve mostrar 009C para x=15)
  SEL=01 -> Decimal (deve mostrar 156 para x=15)
  SEL=10 -> Sinal (deve mostrar +156 para x=15)
  SEL=11 -> Erro (todos os displays apagados)
===========================================================
